0.55,5.34,8.25
0.58,5.37,8.34
0.56,5.38,8.31
0.51,5.41,8.34
0.57,5.41,8.32
0.58,5.39,8.31
0.56,5.38,8.34
0.57,5.42,8.32
0.62,5.38,8.31
0.61,5.37,8.33
0.61,5.35,8.36
0.68,5.31,8.37
0.78,5.36,8.30
0.83,5.34,8.31
0.73,5.25,8.42
0.74,5.26,8.45
0.57,5.65,8.09
0.56,5.25,8.43
0.22,5.23,8.45
0.01,5.47,8.33
0.35,5.52,8.19
0.57,5.23,8.31
0.56,5.28,8.36
0.57,5.32,8.40
0.57,5.32,8.38
0.57,5.28,8.38
0.54,5.23,8.41
0.58,5.28,8.41
0.55,5.26,8.41
0.55,5.26,8.43
0.55,5.23,8.41
0.58,5.25,8.33
0.56,5.30,8.38
0.57,5.30,8.38
0.56,5.30,8.37
0.55,5.28,8.41
0.58,5.25,8.36
0.60,5.34,8.35
0.56,5.31,8.42
0.57,5.33,8.39
0.60,5.26,8.35
0.57,5.27,8.35
0.56,5.31,8.41
0.55,5.27,8.38
0.55,5.25,8.38
0.58,5.28,8.37
0.60,5.28,8.37
0.56,5.26,8.41
0.57,5.26,8.37
0.59,5.27,8.38
0.56,5.30,8.39
0.55,5.31,8.36
0.57,5.26,8.37
0.55,5.26,8.39
0.57,5.25,8.42
0.37,5.12,8.39
-0.64,5.06,8.53
-0.06,6.67,8.09
1.29,4.76,8.11
0.70,5.19,8.74
0.78,4.91,8.31
0.63,5.27,8.43
0.60,5.32,8.39
0.61,5.34,8.38
0.62,5.38,8.32
0.70,5.31,8.42
0.75,5.35,8.33
0.85,5.16,8.45
0.77,5.26,8.56
0.63,5.18,8.32
0.55,5.18,8.61
0.46,5.09,8.17
-0.02,5.32,8.13
0.38,5.08,8.62
0.32,5.52,8.20
0.78,5.07,8.62
0.65,5.19,8.34
0.61,5.21,8.34
0.63,5.32,8.43
0.59,5.35,8.48
0.60,5.21,8.35
0.63,5.27,8.43
0.64,5.26,8.43
0.59,5.30,8.38
0.60,5.26,8.38
0.62,5.25,8.34
0.60,5.30,8.41
0.61,5.25,8.37
0.59,5.26,8.42
0.61,5.26,8.41
0.62,5.25,8.37
0.62,5.28,8.37
0.61,5.27,8.37
0.60,5.30,8.38
0.62,5.25,8.37
0.64,5.23,8.40
0.61,5.26,8.38
0.61,5.27,8.40
0.61,5.28,8.41
0.63,5.26,8.36
0.62,5.26,8.38
0.62,5.27,8.39
0.62,5.27,8.37
0.61,5.26,8.41
0.62,5.26,8.41
0.62,5.28,8.36
0.61,5.28,8.39
0.62,5.24,8.39
0.60,5.24,8.37
0.68,5.17,8.36
0.55,5.32,8.39
0.67,5.23,8.32
0.61,5.30,8.43
0.65,5.25,8.34
0.62,5.27,8.39
0.57,5.32,8.41
0.62,5.22,8.41
0.61,5.23,8.39
0.62,5.25,8.37
0.60,5.29,8.40
0.57,5.32,8.42
0.64,5.22,8.37
0.57,5.30,8.43
0.62,5.28,8.39
0.60,5.23,8.41
0.58,5.28,8.37
0.63,5.29,8.41
0.61,5.28,8.38
0.61,5.31,8.35
0.61,5.27,8.43
0.65,5.22,8.42
0.61,5.24,8.35
0.61,5.33,8.41
0.63,5.29,8.40
0.61,5.26,8.43
0.61,5.22,8.37
0.64,5.28,8.40
0.66,5.19,8.33
0.56,5.34,8.44
0.66,5.26,8.39
0.55,5.34,8.38
0.66,5.22,8.33
0.60,5.28,8.45
0.63,5.23,8.39
0.61,5.20,8.41
0.63,5.24,8.37
0.65,5.26,8.36
0.60,5.29,8.34
0.61,5.28,8.37
0.62,5.25,8.38
0.61,5.26,8.39
0.62,5.28,8.43
0.62,5.23,8.38
0.60,5.27,8.37
0.62,5.28,8.36
0.62,5.27,8.37
0.64,5.18,8.38
0.54,5.26,8.40
0.71,5.21,8.37
0.58,5.30,8.37
0.64,5.22,8.38
0.59,5.29,8.45
0.60,5.24,8.34
0.64,5.23,8.33
0.60,5.28,8.41
0.64,5.20,8.40
0.59,5.25,8.37
0.61,5.21,8.35
0.65,5.22,8.39
0.62,5.23,8.43
0.61,5.27,8.38
0.61,5.28,8.39
0.64,5.26,8.37
0.62,5.26,8.40
0.60,5.25,8.40
0.62,5.26,8.39
0.60,5.27,8.39
0.62,5.23,8.41
0.61,5.26,8.39
0.59,5.27,8.40
0.61,5.28,8.38
0.63,5.25,8.37
0.62,5.23,8.40
0.61,5.27,8.43
0.62,5.24,8.37
0.62,5.27,8.38
0.62,5.27,8.39
0.59,5.28,8.41
0.61,5.23,8.38
0.62,5.23,8.36
0.60,5.24,8.40
0.61,5.24,8.38
0.61,5.24,8.38
0.62,5.27,8.39
0.61,5.30,8.39
0.63,5.25,8.41
0.63,5.19,8.38
0.60,5.31,8.42
0.62,5.28,8.38
0.63,5.20,8.39
0.61,5.31,8.39
0.61,5.31,8.38
0.63,5.26,8.34
0.62,5.23,8.38
0.61,5.28,8.41
0.59,5.28,8.39
0.64,5.24,8.37
0.63,5.24,8.40
0.59,5.28,8.41
0.61,5.29,8.39
0.63,5.26,8.39
0.65,5.22,8.36
0.61,5.28,8.39
0.60,5.26,8.35
0.62,5.31,8.39
0.60,5.29,8.39
0.64,5.24,8.40
0.63,5.20,8.39
0.59,5.27,8.43
0.58,5.30,8.40
0.63,5.28,8.34
0.62,5.27,8.37
0.63,5.28,8.36
0.59,5.30,8.42
0.63,5.21,8.38
0.62,5.23,8.40
0.63,5.28,8.39
0.59,5.32,8.42
0.63,5.30,8.37
0.65,5.26,8.36
0.63,5.27,8.37
0.61,5.27,8.41
0.60,5.27,8.42
0.62,5.24,8.35
0.62,5.26,8.39
0.62,5.27,8.39
0.60,5.28,8.39
0.62,5.27,8.39
0.63,5.26,8.36
0.62,5.26,8.36
0.63,5.26,8.40
0.61,5.26,8.39
0.60,5.26,8.40
0.63,5.24,8.39
0.63,5.25,8.40
0.62,5.26,8.39
0.62,5.26,8.38
0.63,5.28,8.38
0.61,5.28,8.37
0.62,5.26,8.39
0.63,5.26,8.39
0.62,5.26,8.39
0.61,5.25,8.38
0.57,5.36,8.42
0.63,5.26,8.35
0.62,5.28,8.39
0.65,5.25,8.37
0.63,5.25,8.42
0.63,5.26,8.40
0.62,5.28,8.38
0.62,5.27,8.37
0.61,5.26,8.36
0.61,5.29,8.38
0.61,5.26,8.38
0.60,5.27,8.39
0.64,5.24,8.39
0.64,5.24,8.39
0.61,5.28,8.40
0.62,5.27,8.38
0.61,5.26,8.37
0.62,5.28,8.39
0.64,5.27,8.40
0.62,5.27,8.39
0.63,5.26,8.38
0.63,5.26,8.38
0.61,5.27,8.39
0.62,5.27,8.39
0.62,5.27,8.40
0.62,5.25,8.38
0.64,5.24,8.39
0.60,5.28,8.38
0.62,5.27,8.37
0.59,5.28,8.38
0.62,5.27,8.38
0.64,5.26,8.40
0.61,5.26,8.41
0.62,5.25,8.39
0.63,5.27,8.38
0.63,5.27,8.37
0.62,5.29,8.38
0.62,5.28,8.40
0.62,5.26,8.40
0.62,5.26,8.41
0.63,5.25,8.38
0.61,5.27,8.38
0.62,5.26,8.36
0.62,5.27,8.36
0.62,5.28,8.38
0.62,5.26,8.39
0.63,5.26,8.39
0.62,5.24,8.38
0.61,5.27,8.39
0.64,5.26,8.37
0.62,5.28,8.41
0.63,5.25,8.40
0.62,5.25,8.39
0.62,5.27,8.38
0.62,5.26,8.38
0.61,5.26,8.39
0.62,5.27,8.37
0.62,5.26,8.39
0.61,5.27,8.40
0.64,5.26,8.40
0.62,5.26,8.38
0.64,5.27,8.39
0.63,5.28,8.39
0.61,5.28,8.40
0.63,5.25,8.38
0.61,5.26,8.40
0.61,5.25,8.37
0.61,5.28,8.38
0.65,5.25,8.38
0.63,5.26,8.38
0.60,5.27,8.38
0.64,5.27,8.38
0.62,5.27,8.40
0.62,5.27,8.40
0.62,5.27,8.40
0.61,5.28,8.41
0.64,5.26,8.39
0.63,5.24,8.38
0.63,5.29,8.40
0.63,5.27,8.42
0.62,5.27,8.39
0.62,5.28,8.37
0.63,5.26,8.40
0.63,5.26,8.41
0.63,5.27,8.40
0.62,5.27,8.40
0.63,5.27,8.38
0.62,5.28,8.39
0.63,5.25,8.39
0.63,5.27,8.39
0.63,5.28,8.40
0.64,5.26,8.38
0.61,5.30,8.41
0.63,5.26,8.38
0.62,5.25,8.37
0.62,5.28,8.42
0.66,5.24,8.37
0.62,5.26,8.40
0.63,5.31,8.40
0.62,5.26,8.37
0.62,5.30,8.42
0.64,5.24,8.37
0.61,5.26,8.40
0.63,5.27,8.37
0.65,5.27,8.39
0.63,5.26,8.41
0.62,5.26,8.38
0.62,5.26,8.40
0.62,5.25,8.39
0.62,5.24,8.40
0.60,5.28,8.40
0.62,5.25,8.37
0.63,5.26,8.39
0.61,5.26,8.38
0.62,5.25,8.39
0.61,5.25,8.40
0.62,5.25,8.38
0.62,5.24,8.38
0.63,5.24,8.37
0.64,5.27,8.40
0.63,5.25,8.38
0.61,5.28,8.42
0.62,5.27,8.40
0.64,5.22,8.37
0.64,5.23,8.39
0.63,5.22,8.37
0.59,5.37,8.40
0.68,5.17,8.39
0.59,5.32,8.37
0.62,5.32,8.36
0.64,5.23,8.45
0.62,5.20,8.38
0.63,5.27,8.36
0.63,5.26,8.43
0.63,5.24,8.38
0.57,5.31,8.46
0.68,5.20,8.37
0.55,5.33,8.42
0.69,5.17,8.33
0.59,5.26,8.42
0.64,5.25,8.35
0.61,5.31,8.42
0.64,5.25,8.38
0.61,5.29,8.46
0.64,5.26,8.34
0.60,5.29,8.36
0.65,5.27,8.42
0.64,5.27,8.35
0.59,5.29,8.42
0.63,5.26,8.41
0.63,5.27,8.39
0.66,5.16,8.38
0.59,5.34,8.39
0.65,5.21,8.40
0.61,5.26,8.42
0.64,5.27,8.37
0.63,5.25,8.43
0.62,5.23,8.37
0.59,5.34,8.42
0.68,5.19,8.36
0.59,5.29,8.41
0.63,5.24,8.37
0.60,5.32,8.45
0.67,5.16,8.38
0.56,5.39,8.41
0.63,5.24,8.42
0.60,5.22,8.40
0.65,5.24,8.36
0.65,5.26,8.36
0.61,5.32,8.36
0.63,5.22,8.39
0.64,5.23,8.38
0.65,5.21,8.41
0.63,5.20,8.43
0.62,5.20,8.38
0.61,5.23,8.43
0.60,5.27,8.42
0.62,5.26,8.37
0.64,5.20,8.39
0.62,5.18,8.43
0.62,5.19,8.40
0.61,5.25,8.39
0.59,5.28,8.41
0.61,5.19,8.40
0.62,5.21,8.43
0.62,5.24,8.42
0.58,5.29,8.40
0.59,5.27,8.42
0.65,5.16,8.38
0.61,5.16,8.44
0.64,5.22,8.37
0.62,5.26,8.42
0.59,5.21,8.44
0.61,5.26,8.44
0.59,5.31,8.39
0.65,5.17,8.37
0.58,5.16,8.44
0.61,5.19,8.42
0.62,5.19,8.45
0.62,5.24,8.42
0.63,5.29,8.37
0.59,5.33,8.35
0.64,5.18,8.37
0.61,5.19,8.43
0.60,5.25,8.47
0.64,5.13,8.42
0.63,5.17,8.41
0.60,5.23,8.44
0.60,5.31,8.37
0.66,5.27,8.35
0.67,5.20,8.34
0.59,5.27,8.43
0.61,5.23,8.46
0.64,5.17,8.40
0.62,5.20,8.40
0.60,5.23,8.43
0.61,5.26,8.42
0.64,5.25,8.38
0.63,5.26,8.37
0.63,5.26,8.37
0.64,5.19,8.43
0.61,5.21,8.45
0.60,5.23,8.42
0.62,5.26,8.40
0.61,5.26,8.41
0.62,5.22,8.42
0.63,5.22,8.40
0.62,5.24,8.38
0.62,5.26,8.40
0.62,5.23,8.41
0.60,5.23,8.42
0.60,5.23,8.43
0.65,5.18,8.41
0.62,5.23,8.41
0.61,5.26,8.39
0.62,5.26,8.39
0.62,5.26,8.39
0.60,5.22,8.42
0.62,5.21,8.43
0.63,5.21,8.42
0.62,5.23,8.39
0.64,5.25,8.37
0.62,5.26,8.41
0.62,5.25,8.40
0.61,5.23,8.43
0.62,5.23,8.40
0.62,5.21,8.41
0.61,5.21,8.41
0.61,5.25,8.41
0.61,5.24,8.41
0.62,5.26,8.41
0.62,5.24,8.39
0.63,5.22,8.41
0.61,5.22,8.41
0.62,5.24,8.41
0.62,5.24,8.41
0.62,5.23,8.39
0.63,5.24,8.42
0.62,5.24,8.38
0.62,5.22,8.40
0.62,5.22,8.39
0.62,5.22,8.39
0.61,5.24,8.39
0.61,5.24,8.39
0.62,5.23,8.41
0.61,5.23,8.42
0.61,5.22,8.43
0.60,5.23,8.41
0.62,5.24,8.40
0.62,5.22,8.39
0.61,5.27,8.41
0.60,5.25,8.43
0.63,5.23,8.40
0.62,5.22,8.40
0.62,5.23,8.40
0.62,5.25,8.42
0.61,5.24,8.43
0.62,5.22,8.41
0.61,5.24,8.41
0.62,5.22,8.40
0.62,5.23,8.41
0.61,5.23,8.42
0.61,5.25,8.40
0.62,5.22,8.38
0.62,5.24,8.39
0.61,5.23,8.40
0.61,5.22,8.41
0.62,5.21,8.41
0.62,5.21,8.39
0.61,5.25,8.41
0.62,5.24,8.39
0.62,5.24,8.39
0.62,5.25,8.41
0.61,5.23,8.41
0.62,5.21,8.43
0.62,5.23,8.42
0.60,5.24,8.42
0.62,5.25,8.40
0.61,5.23,8.40
0.61,5.25,8.38
0.61,5.22,8.40
0.64,5.25,8.40
0.62,5.24,8.39
0.62,5.25,8.41
0.62,5.25,8.40
0.62,5.22,8.41
0.62,5.23,8.40
0.62,5.20,8.41
0.62,5.24,8.40
0.62,5.25,8.40
0.62,5.25,8.40
0.60,5.24,8.40
0.63,5.23,8.41
0.62,5.23,8.41
0.62,5.24,8.42
0.62,5.23,8.41
0.62,5.23,8.37
0.62,5.24,8.39
0.61,5.24,8.41
0.63,5.22,8.42
0.62,5.23,8.40
0.61,5.25,8.40
0.61,5.25,8.41
0.62,5.25,8.40
0.62,5.22,8.42
0.62,5.23,8.41
0.61,5.23,8.41
0.63,5.23,8.40
0.63,5.23,8.41
0.63,5.24,8.41
0.62,5.24,8.41
0.61,5.26,8.43
0.60,5.24,8.41
0.61,5.24,8.42
0.60,5.23,8.40
0.65,5.19,8.38
0.60,5.26,8.44
0.61,5.23,8.40
0.63,5.22,8.40
0.62,5.23,8.39
0.64,5.24,8.40
0.61,5.23,8.42
0.64,5.23,8.41
0.61,5.23,8.43
0.61,5.24,8.40
0.62,5.25,8.42
0.63,5.24,8.39
0.63,5.22,8.41
0.62,5.24,8.40
0.64,5.23,8.42
0.61,5.23,8.41
0.61,5.25,8.39
0.61,5.23,8.38
0.62,5.22,8.40
0.63,5.23,8.42
0.62,5.24,8.39
0.62,5.23,8.39
0.63,5.24,8.41
0.63,5.24,8.41
0.61,5.24,8.41
0.61,5.23,8.40
0.62,5.22,8.39
0.61,5.22,8.42
0.63,5.23,8.38
0.62,5.25,8.40
0.62,5.24,8.42
0.62,5.22,8.40
0.62,5.23,8.39
0.62,5.24,8.40
0.62,5.24,8.41
0.62,5.23,8.40
0.62,5.24,8.41
0.61,5.23,8.39
0.61,5.25,8.41
0.60,5.23,8.43
0.63,5.21,8.38
0.61,5.24,8.39
0.62,5.23,8.40
0.61,5.26,8.41
0.62,5.23,8.41
0.61,5.23,8.40
0.62,5.23,8.41
0.62,5.23,8.41
0.61,5.25,8.40
0.62,5.22,8.38
0.61,5.24,8.39
0.61,5.25,8.39
0.62,5.23,8.41
0.61,5.22,8.40
0.63,5.21,8.39
0.62,5.24,8.39
0.61,5.22,8.40
0.62,5.22,8.41
0.63,5.25,8.40
0.61,5.25,8.41
0.61,5.24,8.40
0.62,5.23,8.39
0.61,5.22,8.40
0.60,5.23,8.41
0.62,5.23,8.41
0.62,5.24,8.40
0.62,5.23,8.41
0.61,5.23,8.40
0.62,5.24,8.40
0.63,5.23,8.42
0.62,5.24,8.41
0.62,5.23,8.40
0.62,5.22,8.40
0.62,5.25,8.39
0.62,5.25,8.39
0.62,5.24,8.41
0.62,5.25,8.40
0.61,5.24,8.40
0.62,5.24,8.40
0.63,5.23,8.39
0.62,5.23,8.40
0.62,5.23,8.41
0.61,5.24,8.37
0.62,5.23,8.42
0.62,5.24,8.39
0.59,5.25,8.41
0.62,5.24,8.40
0.62,5.22,8.40
0.60,5.24,8.40
0.62,5.24,8.40
0.62,5.24,8.41
0.61,5.23,8.40
0.62,5.25,8.39
0.62,5.23,8.40
0.63,5.22,8.42
0.62,5.24,8.41
0.61,5.23,8.40
0.61,5.24,8.43
0.62,5.25,8.43
0.62,5.24,8.39
0.62,5.21,8.42
0.62,5.23,8.41
0.62,5.24,8.40
0.62,5.22,8.40
0.62,5.23,8.41
0.63,5.24,8.39
0.62,5.25,8.40
0.62,5.23,8.41
0.60,5.23,8.41
0.62,5.24,8.39
0.61,5.26,8.40
0.62,5.24,8.40
0.62,5.21,8.39
0.62,5.22,8.40
0.62,5.24,8.40
0.62,5.23,8.39
0.61,5.21,8.39
0.62,5.23,8.43
0.62,5.22,8.39
0.62,5.23,8.41
0.61,5.25,8.40
0.62,5.23,8.42
0.63,5.23,8.39
0.62,5.24,8.42
0.61,5.23,8.41
0.63,5.24,8.40
0.61,5.24,8.41
0.61,5.23,8.41
0.64,5.25,8.41
0.62,5.24,8.39
0.62,5.22,8.39
0.62,5.23,8.39
0.62,5.24,8.41
0.62,5.25,8.38
0.62,5.21,8.41
0.61,5.23,8.40
0.61,5.23,8.41
0.63,5.22,8.40
0.61,5.24,8.41
0.62,5.24,8.40
0.62,5.23,8.40
0.63,5.23,8.41
0.63,5.22,8.41
0.63,5.24,8.39
0.63,5.23,8.40
0.63,5.24,8.41
0.61,5.23,8.40
0.61,5.24,8.41
0.62,5.23,8.41
0.63,5.23,8.41
0.63,5.25,8.39
0.62,5.24,8.41
0.63,5.24,8.41
0.62,5.24,8.40
0.62,5.24,8.39
0.62,5.24,8.39
0.62,5.21,8.40
0.62,5.24,8.42
0.62,5.22,8.42
0.62,5.23,8.40
0.62,5.22,8.40
0.63,5.23,8.41
0.62,5.23,8.41
0.62,5.25,8.41
0.62,5.24,8.40
0.62,5.25,8.40
0.62,5.24,8.42
0.60,5.23,8.41
0.62,5.22,8.41
0.62,5.24,8.40
0.62,5.24,8.40
0.61,5.23,8.41
0.62,5.23,8.39
0.62,5.23,8.41
0.62,5.22,8.41
0.62,5.23,8.42
0.61,5.23,8.40
0.63,5.25,8.39
0.62,5.23,8.40
0.62,5.23,8.41
0.61,5.23,8.41
0.62,5.24,8.40
0.62,5.25,8.39
0.62,5.25,8.41
0.61,5.22,8.39
0.62,5.24,8.41
0.62,5.22,8.39
0.62,5.25,8.40
0.61,5.22,8.40
0.62,5.23,8.41
0.61,5.24,8.42
0.62,5.24,8.41
0.61,5.24,8.40
0.62,5.23,8.39
0.62,5.23,8.39
0.62,5.22,8.40
0.61,5.22,8.40
0.62,5.24,8.40
0.62,5.24,8.41
0.62,5.22,8.40
0.62,5.24,8.41
0.62,5.24,8.40
0.62,5.25,8.40
0.62,5.23,8.34
0.61,5.23,8.40
0.62,5.22,8.41
0.62,5.23,8.41
0.63,5.23,8.39
0.62,5.23,8.41
0.62,5.25,8.40
0.62,5.24,8.41
0.62,5.23,8.41
0.62,5.24,8.40
0.62,5.24,8.41
0.62,5.23,8.41
0.61,5.23,8.41
0.61,5.24,8.40
0.61,5.24,8.40
0.61,5.23,8.41
0.61,5.24,8.40
0.63,5.23,8.40
0.61,5.24,8.41
0.62,5.22,8.41
0.62,5.24,8.40
0.62,5.23,8.41
0.62,5.24,8.40
0.62,5.23,8.39
0.61,5.24,8.39
0.61,5.23,8.41
0.62,5.23,8.39
0.61,5.23,8.42
0.61,5.24,8.41
0.63,5.24,8.41
0.60,5.24,8.40
0.62,5.23,8.40
0.61,5.24,8.35
0.63,5.24,8.41
0.61,5.24,8.41
0.62,5.25,8.40
0.62,5.23,8.40
0.62,5.22,8.40
0.62,5.24,8.38
0.63,5.23,8.41
0.62,5.24,8.42
0.63,5.23,8.40
0.61,5.23,8.37
0.62,5.24,8.42
0.62,5.23,8.39
0.62,5.23,8.40
0.63,5.23,8.40
0.62,5.21,8.40
0.62,5.23,8.39
0.62,5.25,8.41
0.62,5.24,8.38
0.61,5.24,8.40
0.61,5.24,8.40
0.61,5.25,8.40
0.63,5.23,8.42
0.63,5.24,8.41
0.61,5.24,8.40
0.62,5.23,8.39
0.61,5.23,8.41
0.61,5.24,8.39
0.61,5.24,8.39
0.62,5.24,8.39
0.60,5.23,8.39
0.62,5.22,8.40
0.61,5.24,8.38
0.62,5.25,8.43
0.62,5.23,8.40
0.62,5.23,8.41
0.61,5.24,8.41
0.61,5.24,8.40
0.62,5.22,8.40
0.63,5.25,8.41
0.62,5.24,8.41
0.62,5.23,8.39
0.62,5.23,8.41
0.61,5.23,8.40
0.61,5.23,8.41
0.62,5.23,8.40
0.60,5.25,8.41
0.62,5.24,8.40
0.60,5.23,8.41
0.61,5.24,8.40
0.61,5.24,8.39
0.60,5.25,8.39
0.61,5.24,8.41
0.62,5.23,8.40
0.61,5.25,8.38
0.62,5.23,8.41
0.61,5.22,8.40
0.62,5.24,8.43
0.62,5.24,8.40
0.61,5.24,8.38
0.61,5.24,8.41
0.61,5.25,8.40
0.63,5.23,8.39
0.60,5.21,8.40
0.62,5.23,8.39
0.62,5.24,8.40
0.60,5.23,8.40
0.62,5.25,8.39
0.61,5.23,8.39
0.61,5.23,8.41
0.63,5.24,8.39
0.62,5.22,8.41
0.63,5.23,8.40
0.61,5.23,8.42
0.61,5.25,8.40
0.63,5.23,8.41
0.61,5.23,8.40
0.60,5.22,8.41
0.61,5.23,8.41
0.64,5.24,8.42
0.64,5.23,8.42
0.62,5.24,8.41
0.62,5.23,8.43
0.62,5.23,8.38
0.61,5.23,8.41
0.62,5.23,8.42
0.62,5.23,8.39
0.62,5.23,8.38
0.63,5.24,8.40
0.62,5.23,8.40
0.63,5.24,8.38
0.62,5.25,8.40
0.60,5.24,8.41
0.62,5.22,8.41
0.61,5.23,8.39
0.62,5.24,8.39
0.61,5.22,8.40
0.61,5.25,8.42
0.63,5.25,8.37
0.62,5.23,8.40
0.60,5.24,8.41
0.62,5.24,8.42
0.62,5.25,8.39
0.62,5.24,8.39
0.62,5.24,8.39
0.62,5.23,8.39
0.62,5.23,8.41
0.62,5.23,8.40
0.62,5.24,8.40
0.62,5.23,8.42
0.63,5.23,8.39
0.61,5.25,8.42
0.62,5.22,8.39
0.63,5.24,8.40
0.62,5.22,8.41
0.61,5.24,8.41
0.62,5.25,8.40
0.62,5.22,8.40
0.62,5.23,8.40
0.62,5.23,8.41
0.63,5.22,8.41
0.61,5.25,8.39
0.63,5.23,8.40
0.63,5.23,8.40
0.63,5.24,8.38
0.63,5.23,8.40
0.62,5.24,8.41
0.62,5.23,8.41
0.62,5.23,8.39
0.62,5.24,8.42
0.62,5.24,8.41
0.62,5.24,8.40
0.61,5.23,8.41
0.62,5.24,8.42
0.62,5.24,8.41
0.62,5.22,8.41
0.63,5.21,8.39
0.61,5.22,8.41
0.61,5.23,8.40
0.62,5.24,8.41
0.62,5.24,8.39
0.62,5.23,8.40
0.61,5.22,8.43
0.63,5.23,8.41
0.62,5.23,8.41
0.62,5.22,8.40
0.62,5.25,8.41
0.62,5.24,8.39
0.61,5.23,8.40
0.62,5.22,8.40
0.61,5.20,8.41
0.62,5.22,8.42
0.63,5.25,8.41
0.63,5.24,8.40
0.62,5.23,8.40
0.61,5.24,8.39
0.62,5.25,8.41
0.62,5.25,8.39
0.63,5.22,8.40
0.62,5.22,8.40
0.62,5.23,8.40
0.62,5.25,8.39
0.63,5.24,8.39
0.63,5.25,8.38
0.63,5.24,8.40
0.62,5.25,8.40
0.62,5.25,8.39
0.62,5.24,8.40
0.61,5.24,8.41
0.61,5.23,8.40
0.62,5.24,8.39
0.62,5.24,8.37
0.62,5.26,8.38
0.61,5.27,8.38
0.61,5.26,8.39
0.63,5.24,8.40
0.61,5.23,8.40
0.63,5.24,8.42
0.62,5.25,8.41
0.62,5.25,8.39
0.64,5.24,8.38
0.62,5.25,8.41
0.61,5.25,8.39
0.62,5.23,8.41
0.63,5.24,8.40
0.62,5.25,8.39
0.62,5.23,8.39
0.63,5.26,8.40
0.62,5.25,8.41
0.64,5.24,8.39
0.64,5.23,8.40
0.63,5.23,8.41
0.62,5.26,8.41
0.61,5.26,8.39
0.63,5.23,8.40
0.63,5.24,8.40
0.62,5.26,8.39
0.61,5.26,8.39
0.62,5.24,8.39
0.62,5.25,8.40
0.62,5.27,8.39
0.63,5.23,8.38
0.63,5.22,8.41
0.63,5.22,8.41
0.62,5.25,8.41
0.63,5.24,8.41
0.63,5.25,8.40
0.62,5.26,8.40
0.63,5.26,8.39
0.62,5.26,8.39
0.64,5.22,8.41
0.62,5.24,8.41
0.62,5.28,8.40
0.63,5.25,8.38
0.62,5.23,8.41
0.63,5.23,8.40
0.63,5.23,8.39
0.64,5.25,8.39
0.63,5.25,8.42
0.62,5.25,8.40
0.62,5.26,8.39
0.62,5.25,8.38
0.62,5.22,8.41
0.62,5.25,8.41
0.62,5.25,8.40
0.60,5.26,8.39
0.61,5.23,8.41
0.63,5.22,8.41
0.63,5.24,8.40
0.62,5.25,8.39
0.63,5.23,8.40
0.62,5.22,8.39
0.61,5.25,8.41
0.64,5.24,8.42
0.61,5.25,8.43
0.63,5.22,8.42
0.61,5.22,8.40
0.60,5.24,8.42
0.61,5.24,8.40
0.61,5.24,8.39
0.61,5.26,8.40
0.63,5.23,8.40
0.61,5.23,8.42
0.62,5.23,8.39
0.63,5.24,8.41
0.61,5.25,8.42
0.62,5.23,8.38
0.62,5.23,8.39
0.62,5.22,8.40
0.62,5.23,8.41
0.63,5.24,8.39
0.62,5.24,8.41
0.60,5.24,8.39
0.60,5.24,8.39
0.62,5.23,8.40
0.61,5.22,8.41
0.60,5.22,8.41
0.61,5.22,8.41
0.64,5.23,8.40
0.62,5.26,8.41
0.62,5.24,8.41
0.64,5.24,8.39
0.62,5.26,8.39
0.61,5.24,8.42
0.61,5.22,8.41
0.63,5.22,8.40
0.62,5.23,8.41
0.62,5.25,8.42
0.62,5.25,8.40
0.63,5.23,8.40
0.61,5.23,8.41
0.62,5.23,8.41
0.62,5.23,8.43
0.62,5.22,8.38
0.63,5.23,8.41
0.62,5.24,8.40
0.61,5.26,8.42
0.63,5.24,8.39
0.62,5.22,8.42
0.59,5.23,8.41
0.60,5.24,8.38
0.61,5.23,8.40
0.61,5.23,8.41
0.61,5.25,8.40
0.62,5.23,8.39
0.62,5.23,8.39
0.63,5.21,8.41
0.61,5.21,8.40
0.61,5.26,8.42
0.61,5.24,8.41
0.64,5.26,8.40
0.61,5.22,8.37
0.62,5.22,8.39
0.62,5.23,8.40
0.61,5.26,8.39
0.61,5.24,8.38
0.62,5.23,8.41
0.62,5.24,8.41
0.62,5.23,8.39
0.63,5.22,8.39
0.61,5.23,8.40
0.62,5.24,8.41
0.62,5.25,8.40
0.62,5.24,8.40
0.61,5.24,8.39
0.61,5.22,8.41
0.64,5.22,8.40
0.63,5.23,8.40
0.61,5.25,8.41
0.62,5.24,8.40
0.62,5.25,8.41
0.62,5.23,8.41
0.61,5.23,8.39
0.60,5.23,8.39
0.61,5.23,8.40
0.61,5.23,8.41
0.62,5.24,8.41
0.62,5.24,8.41
0.62,5.24,8.41
0.61,5.22,8.42
0.63,5.24,8.42
0.63,5.23,8.40
0.61,5.25,8.40
0.62,5.23,8.41
0.63,5.24,8.40
0.63,5.25,8.41
0.62,5.24,8.40
0.62,5.21,8.41
0.63,5.22,8.41
0.62,5.24,8.40
0.62,5.24,8.41
0.63,5.24,8.40
0.62,5.24,8.41
0.62,5.23,8.41
0.63,5.24,8.40
0.61,5.22,8.41
0.62,5.22,8.40
0.61,5.26,8.40
0.62,5.24,8.39
0.62,5.22,8.41
0.62,5.23,8.41
0.61,5.23,8.40
0.62,5.24,8.40
0.61,5.23,8.42
0.63,5.24,8.40
0.61,5.25,8.41
0.62,5.21,8.41
0.61,5.23,8.39
0.62,5.23,8.40
0.61,5.25,8.39
0.62,5.24,8.41
0.63,5.24,8.41
0.63,5.24,8.40
0.62,5.23,8.40
0.62,5.24,8.41
0.63,5.23,8.41
0.60,5.22,8.40
0.61,5.25,8.42
0.61,5.26,8.37
0.62,5.23,8.37
0.62,5.22,8.39
0.62,5.21,8.39
0.62,5.24,8.42
0.62,5.25,8.38
0.61,5.23,8.39
0.62,5.24,8.41
0.62,5.24,8.40
0.62,5.24,8.41
0.61,5.22,8.40
0.62,5.23,8.40
0.63,5.24,8.41
0.62,5.24,8.40
0.62,5.24,8.41
0.62,5.24,8.43
0.61,5.23,8.40
0.62,5.24,8.41
0.62,5.23,8.42
0.62,5.24,8.40
0.62,5.22,8.40
0.62,5.24,8.40
0.61,5.24,8.41
0.61,5.24,8.38
0.62,5.22,8.40
0.62,5.23,8.40
0.62,5.23,8.41
0.62,5.24,8.41
0.62,5.24,8.39
0.63,5.23,8.39
0.61,5.23,8.40
0.62,5.24,8.41
0.63,5.25,8.40
0.62,5.23,8.40
0.63,5.24,8.42
0.63,5.23,8.40
0.61,5.26,8.40
0.64,5.22,8.41
0.61,5.25,8.40
0.63,5.24,8.41
0.62,5.25,8.41
0.63,5.23,8.40
0.62,5.23,8.41
0.62,5.23,8.41
0.62,5.25,8.41
0.62,5.25,8.40
0.63,5.25,8.39
0.62,5.24,8.39
0.62,5.23,8.39
0.63,5.23,8.40
0.63,5.22,8.41
0.62,5.24,8.40
0.61,5.25,8.42
0.63,5.22,8.41
0.60,5.25,8.40
0.61,5.23,8.40
0.63,5.24,8.40
0.62,5.23,8.40
0.61,5.24,8.40
0.61,5.25,8.39
0.62,5.24,8.40
0.62,5.21,8.40
0.64,5.25,8.38
0.61,5.25,8.39
0.62,5.22,8.38
0.62,5.23,8.40
0.60,5.24,8.40
0.63,5.24,8.40
0.61,5.24,8.40
0.61,5.23,8.41
0.63,5.25,8.41
0.62,5.24,8.40
0.62,5.23,8.37
0.62,5.24,8.41
0.62,5.21,8.42
0.62,5.23,8.42
0.62,5.23,8.40
0.61,5.23,8.40
0.63,5.25,8.41
0.63,5.25,8.40
0.61,5.25,8.40
0.62,5.23,8.39
0.62,5.22,8.41
0.62,5.23,8.41
0.62,5.23,8.42
0.62,5.23,8.40
0.62,5.24,8.40
0.61,5.23,8.41
0.62,5.24,8.40
0.62,5.24,8.42
0.63,5.20,8.38
0.62,5.24,8.40
0.62,5.25,8.41
0.63,5.25,8.41
0.63,5.23,8.39
0.62,5.22,8.40
0.62,5.24,8.40
0.63,5.25,8.41
0.61,5.25,8.40
0.62,5.24,8.42
0.63,5.25,8.40
0.63,5.23,8.39
0.62,5.24,8.40
0.61,5.22,8.39
0.62,5.25,8.39
0.63,5.22,8.41
0.64,5.23,8.41
0.63,5.25,8.40
0.61,5.23,8.40
0.63,5.25,8.40
0.62,5.26,8.41
0.62,5.23,8.41
0.61,5.24,8.42
0.61,5.26,8.41
0.62,5.23,8.40
0.63,5.25,8.40
0.62,5.24,8.39
0.62,5.24,8.41
0.62,5.24,8.39
0.59,5.26,8.37
0.63,5.26,8.40
0.62,5.24,8.40
0.61,5.23,8.42
0.61,5.25,8.40
0.63,5.24,8.41
0.63,5.23,8.39
0.61,5.25,8.40
0.63,5.24,8.39
0.62,5.23,8.40
0.62,5.24,8.40
0.63,5.23,8.42
0.62,5.23,8.39
0.63,5.23,8.40
0.62,5.24,8.40
0.61,5.25,8.39
0.63,5.26,8.39
0.61,5.24,8.40
0.63,5.23,8.42
0.61,5.26,8.40
0.61,5.23,8.40
0.64,5.21,8.39
0.60,5.23,8.39
0.61,5.26,8.40
0.63,5.24,8.41
0.63,5.23,8.41
0.62,5.25,8.40
0.62,5.23,8.39
0.63,5.24,8.41
0.63,5.23,8.41
0.61,5.25,8.41
0.62,5.23,8.40
0.64,5.25,8.40
0.62,5.25,8.39
0.62,5.25,8.39
0.62,5.22,8.39
0.60,5.23,8.40
0.61,5.25,8.41
0.64,5.23,8.38
0.62,5.24,8.39
0.62,5.24,8.40
0.62,5.26,8.41
0.62,5.24,8.38
0.63,5.26,8.39
0.64,5.22,8.39
0.62,5.22,8.41
0.60,5.23,8.41
0.62,5.23,8.40
0.63,5.23,8.40
0.62,5.26,8.39
0.62,5.26,8.40
0.63,5.24,8.37
0.62,5.25,8.41
0.62,5.25,8.42
0.62,5.23,8.42
0.63,5.26,8.40
0.62,5.24,8.41
0.64,5.25,8.38
0.63,5.24,8.40
0.64,5.23,8.38
0.62,5.25,8.41
0.63,5.22,8.41
0.62,5.24,8.41
0.62,5.24,8.40
0.61,5.26,8.40
0.63,5.24,8.39
0.63,5.25,8.41
0.62,5.24,8.40
0.63,5.26,8.39
0.63,5.24,8.39
0.62,5.25,8.42
0.62,5.25,8.39
0.61,5.24,8.41
0.63,5.22,8.40
0.61,5.23,8.40
0.62,5.23,8.42
0.63,5.26,8.38
0.62,5.25,8.40
0.62,5.24,8.39
0.63,5.23,8.41
0.63,5.23,8.41
0.63,5.23,8.42
0.62,5.24,8.40
0.63,5.26,8.40
0.61,5.25,8.40
0.62,5.24,8.39
0.62,5.24,8.38
0.62,5.23,8.42
0.62,5.24,8.38
0.62,5.23,8.41
0.62,5.25,8.39
0.64,5.25,8.40
0.62,5.26,8.37
0.63,5.23,8.39
0.62,5.24,8.39
0.62,5.24,8.39
0.62,5.22,8.40
0.61,5.23,8.41
0.62,5.24,8.39
0.61,5.25,8.39
0.61,5.24,8.39
0.63,5.23,8.42
0.62,5.24,8.39
0.64,5.26,8.39
0.62,5.24,8.41
0.63,5.23,8.39
0.61,5.24,8.41
0.63,5.22,8.42
0.62,5.23,8.40
0.61,5.23,8.41
0.61,5.25,8.40
0.63,5.23,8.39
0.62,5.24,8.40
0.62,5.23,8.40
0.62,5.25,8.40
0.62,5.24,8.41
0.63,5.24,8.41
0.63,5.24,8.41
0.63,5.23,8.40
0.62,5.25,8.39
0.63,5.23,8.39
0.63,5.26,8.39
0.61,5.25,8.41
0.61,5.25,8.41
0.62,5.23,8.41
0.64,5.23,8.40
0.63,5.25,8.39
0.62,5.23,8.37
0.61,5.25,8.41
0.64,5.23,8.41
0.61,5.23,8.40
0.62,5.26,8.42
0.62,5.25,8.40
0.64,5.23,8.39
0.62,5.24,8.41
0.62,5.24,8.39
0.61,5.25,8.41
0.63,5.23,8.39
0.61,5.23,8.41
0.62,5.22,8.42
0.62,5.25,8.41
0.62,5.26,8.40
0.63,5.25,8.39
0.62,5.24,8.39
0.62,5.23,8.40
0.61,5.24,8.41
0.61,5.23,8.40
0.62,5.22,8.41
0.62,5.22,8.42
0.61,5.23,8.41
0.63,5.23,8.40
0.63,5.26,8.39
0.62,5.23,8.40
0.63,5.24,8.42
0.63,5.25,8.41
0.62,5.24,8.39
0.62,5.23,8.43
0.61,5.24,8.43
0.62,5.25,8.39
0.63,5.24,8.39
0.62,5.24,8.38
0.62,5.25,8.38
0.61,5.24,8.42
0.63,5.24,8.38
0.62,5.25,8.40
0.62,5.23,8.40
0.63,5.23,8.40
0.60,5.24,8.40
0.62,5.25,8.40
0.63,5.26,8.39
0.63,5.23,8.40
0.63,5.26,8.39
0.62,5.25,8.40
0.63,5.24,8.38
0.63,5.23,8.40
0.62,5.27,8.41
0.64,5.29,8.37
0.66,5.18,8.39
0.60,5.27,8.41
0.62,5.29,8.37
0.62,5.29,8.38
0.63,5.27,8.38
0.64,5.25,8.38
0.62,5.30,8.40
0.65,5.25,8.36
0.63,5.26,8.42
0.61,5.24,8.43
0.63,5.25,8.39
0.62,5.29,8.40
0.65,5.25,8.34
0.65,5.23,8.37
0.63,5.24,8.36
0.63,5.27,8.39
0.62,5.28,8.40
0.63,5.20,8.40
0.59,5.26,8.43
0.61,5.30,8.39
0.66,5.26,8.34
0.66,5.26,8.34
0.65,5.25,8.38
0.62,5.28,8.40
0.64,5.25,8.38
0.61,5.25,8.42
0.61,5.23,8.41
0.62,5.26,8.39
0.60,5.27,8.39
0.64,5.27,8.36
0.64,5.27,8.39
0.66,5.26,8.38
0.63,5.27,8.38
0.63,5.26,8.38
0.63,5.23,8.39
0.61,5.25,8.42
0.62,5.24,8.40
0.62,5.25,8.37
0.63,5.26,8.36
0.62,5.29,8.36
0.63,5.29,8.40
0.61,5.25,8.42
0.62,5.22,8.41
0.64,5.21,8.40
0.62,5.26,8.40
0.62,5.26,8.40
0.64,5.28,8.39
0.64,5.27,8.37
0.63,5.27,8.37
0.61,5.26,8.42
0.64,5.22,8.41
0.62,5.21,8.42
0.63,5.23,8.41
0.63,5.26,8.38
0.61,5.30,8.37
0.64,5.29,8.34
0.64,5.27,8.38
0.64,5.24,8.41
0.64,5.20,8.41
0.62,5.21,8.43
0.63,5.23,8.40
0.62,5.29,8.39
0.63,5.28,8.38
0.64,5.27,8.37
0.62,5.22,8.41
0.63,5.22,8.40
0.61,5.25,8.42
0.62,5.26,8.40
0.63,5.24,8.40
0.62,5.22,8.39
0.62,5.25,8.39
0.62,5.25,8.37
0.65,5.25,8.35
0.62,5.27,8.40
0.61,5.27,8.38
0.61,5.26,8.43
0.64,5.24,8.39
0.64,5.21,8.41
0.62,5.24,8.40
0.63,5.26,8.39
0.63,5.27,8.37
0.63,5.26,8.36
0.61,5.24,8.41
0.62,5.22,8.41
0.61,5.22,8.41
0.62,5.23,8.38
0.62,5.25,8.40
0.62,5.24,8.39
0.64,5.26,8.39
0.61,5.26,8.36
0.63,5.25,8.39
0.61,5.22,8.41
0.63,5.21,8.41
0.61,5.23,8.41
0.62,5.24,8.38
0.64,5.27,8.39
0.62,5.26,8.38
0.62,5.26,8.39
0.62,5.24,8.40
0.64,5.22,8.40
0.63,5.24,8.41
0.63,5.26,8.38
0.62,5.25,8.41
0.62,5.26,8.38
0.64,5.25,8.39
0.63,5.24,8.39
0.60,5.24,8.41
0.63,5.24,8.40
0.64,5.26,8.40
0.62,5.24,8.40
0.60,5.25,8.40
0.62,5.26,8.39
0.62,5.24,8.38
0.62,5.23,8.38
0.63,5.26,8.39
0.62,5.25,8.39
0.63,5.25,8.41
0.62,5.24,8.41
0.62,5.23,8.41
0.62,5.24,8.38
0.62,5.26,8.40
0.63,5.26,8.38
0.62,5.25,8.39
0.63,5.24,8.41
0.62,5.22,8.41
0.62,5.24,8.39
0.63,5.22,8.40
0.62,5.25,8.40
0.63,5.27,8.39
0.62,5.26,8.37
0.62,5.24,8.39
0.61,5.24,8.40
0.63,5.23,8.40
0.62,5.23,8.40
0.62,5.26,8.41
0.62,5.26,8.40
0.63,5.26,8.39
0.62,5.25,8.37
0.64,5.23,8.38
0.63,5.24,8.41
0.60,5.24,8.41
0.63,5.23,8.40
0.63,5.24,8.40
0.63,5.24,8.40
0.62,5.26,8.40
0.63,5.25,8.40
0.63,5.26,8.41
0.63,5.25,8.38
0.63,5.25,8.37
0.64,5.23,8.41
0.63,5.25,8.39
0.63,5.24,8.39
0.64,5.25,8.40
0.61,5.26,8.40
0.63,5.23,8.40
0.63,5.25,8.39
0.62,5.25,8.40
0.62,5.25,8.40
0.63,5.24,8.40
0.64,5.24,8.39
0.63,5.24,8.38
0.62,5.24,8.40
0.63,5.25,8.40
0.62,5.24,8.39
0.62,5.26,8.41
0.62,5.25,8.40
0.64,5.24,8.39
0.61,5.25,8.40
0.63,5.24,8.40
0.63,5.25,8.37
0.65,5.26,8.40
0.62,5.25,8.41
0.62,5.25,8.41
0.61,5.25,8.40
0.62,5.25,8.38
0.63,5.23,8.38
0.64,5.24,8.38
0.62,5.26,8.39
0.62,5.24,8.39
0.62,5.26,8.39
0.63,5.24,8.39
0.63,5.25,8.39
0.62,5.24,8.41
0.62,5.25,8.39
0.62,5.27,8.42
0.62,5.25,8.40
0.60,5.25,8.39
0.63,5.25,8.39
0.63,5.25,8.40
0.63,5.24,8.41
0.61,5.24,8.39
0.62,5.25,8.40
0.62,5.25,8.39
0.62,5.25,8.40
0.62,5.25,8.38
0.64,5.25,8.40
0.62,5.26,8.39
0.63,5.24,8.37
0.62,5.24,8.40
0.63,5.24,8.40
0.62,5.26,8.40
0.63,5.26,8.40
0.62,5.25,8.39
0.62,5.26,8.38
0.62,5.26,8.40
0.62,5.25,8.39
0.62,5.24,8.40
0.63,5.24,8.40
0.62,5.25,8.40
0.62,5.25,8.38
0.62,5.24,8.39
0.62,5.25,8.39
0.62,5.25,8.39
0.62,5.25,8.40
0.61,5.25,8.39
0.63,5.25,8.39
0.63,5.23,8.39
0.61,5.26,8.38
0.62,5.26,8.39
0.63,5.26,8.38
0.63,5.24,8.40
0.62,5.25,8.39
0.62,5.25,8.39
0.62,5.24,8.41
0.64,5.24,8.39
0.62,5.25,8.38
0.62,5.26,8.41
0.63,5.25,8.40
0.63,5.25,8.39
0.62,5.25,8.41
0.63,5.24,8.41
0.65,5.25,8.39
0.62,5.26,8.39
0.61,5.25,8.39
0.63,5.25,8.39
0.61,5.25,8.38
0.62,5.24,8.38
0.63,5.25,8.38
0.63,5.25,8.40
0.62,5.26,8.41
0.63,5.25,8.39
0.64,5.24,8.40
0.63,5.25,8.43
0.63,5.26,8.37
0.63,5.26,8.39
0.62,5.25,8.40
0.62,5.24,8.39
0.61,5.25,8.40
0.61,5.26,8.39
0.63,5.25,8.40
0.61,5.25,8.41
0.63,5.25,8.38
0.63,5.25,8.38
0.62,5.25,8.39
0.62,5.24,8.39
0.62,5.24,8.39
0.62,5.25,8.41
0.61,5.24,8.40
0.62,5.24,8.39
0.62,5.25,8.40
0.63,5.25,8.40
0.64,5.24,8.41
0.62,5.26,8.40
0.63,5.25,8.41
0.63,5.23,8.40
0.62,5.25,8.40
0.62,5.26,8.38
0.63,5.25,8.38
0.62,5.25,8.40
0.62,5.24,8.41
0.63,5.25,8.38
0.62,5.24,8.39
0.61,5.25,8.40
0.62,5.25,8.40
0.62,5.24,8.39
0.62,5.26,8.39
0.63,5.25,8.40
0.63,5.23,8.39
0.62,5.25,8.39
0.63,5.26,8.39
0.64,5.24,8.40
0.62,5.23,8.39
0.63,5.24,8.39
0.60,5.24,8.40
0.63,5.25,8.41
0.63,5.26,8.40
0.63,5.24,8.39
0.63,5.25,8.38
0.62,5.26,8.40
0.62,5.24,8.41
0.64,5.24,8.40
0.64,5.24,8.40
0.62,5.25,8.38
0.63,5.24,8.39
0.61,5.24,8.39
0.64,5.25,8.38
0.64,5.23,8.41
0.62,5.25,8.39
0.61,5.26,8.39
0.63,5.25,8.39
0.62,5.25,8.39
0.63,5.26,8.40
0.63,5.26,8.39
0.62,5.25,8.40
0.62,5.25,8.38
0.62,5.26,8.39
0.64,5.24,8.39
0.62,5.25,8.41
0.63,5.25,8.39
0.63,5.24,8.40
0.62,5.25,8.38
0.63,5.26,8.40
0.64,5.25,8.38
0.63,5.24,8.39
0.64,5.24,8.39
0.64,5.24,8.39
0.63,5.26,8.39
0.62,5.23,8.40
0.63,5.26,8.39
0.63,5.22,8.41
0.63,5.23,8.41
0.62,5.25,8.40
0.62,5.24,8.40
0.62,5.25,8.39
0.63,5.27,8.38
0.62,5.26,8.39
0.63,5.23,8.39
0.62,5.24,8.38
0.60,5.26,8.40
0.62,5.24,8.40
0.62,5.26,8.37
0.62,5.24,8.39
0.62,5.24,8.37
0.62,5.25,8.40
0.63,5.25,8.40
0.62,5.24,8.39
0.64,5.26,8.38
0.63,5.25,8.39
0.62,5.27,8.39
0.63,5.26,8.40
0.62,5.24,8.39
0.63,5.23,8.39
0.63,5.24,8.41
0.63,5.25,8.41
0.62,5.24,8.39
0.62,5.26,8.40
0.62,5.25,8.38
0.63,5.25,8.38
0.63,5.24,8.40
0.63,5.23,8.39
0.60,5.26,8.41
0.63,5.24,8.39
0.63,5.25,8.39
0.62,5.25,8.39
0.63,5.24,8.40
0.62,5.25,8.39
0.63,5.23,8.40
0.63,5.25,8.39
0.62,5.26,8.39
0.62,5.24,8.39
0.62,5.26,8.40
0.63,5.24,8.40
0.62,5.25,8.39
0.62,5.25,8.39
0.63,5.26,8.40
0.62,5.26,8.39
0.62,5.24,8.39
0.63,5.26,8.40
0.61,5.26,8.39
0.62,5.23,8.40
0.61,5.25,8.40
0.62,5.26,8.40
0.63,5.25,8.37
0.63,5.24,8.38
0.62,5.26,8.40
0.62,5.23,8.40
0.62,5.24,8.38
0.62,5.26,8.40
0.62,5.26,8.37
0.62,5.25,8.39
0.63,5.24,8.38
0.62,5.25,8.39
0.62,5.24,8.38
0.62,5.25,8.41
0.63,5.27,8.39
0.64,5.24,8.39
0.61,5.25,8.40
0.63,5.26,8.39
0.63,5.26,8.40
0.63,5.25,8.40
0.62,5.24,8.39
0.62,5.26,8.39
0.62,5.26,8.39
0.62,5.24,8.39
0.62,5.26,8.39
0.63,5.24,8.39
0.62,5.24,8.39
0.64,5.25,8.42
0.62,5.25,8.41
0.63,5.25,8.40
0.63,5.24,8.40
0.61,5.25,8.38
0.64,5.25,8.39
0.63,5.24,8.39
0.63,5.25,8.41
0.62,5.24,8.39
0.62,5.25,8.40
0.63,5.24,8.40
0.62,5.24,8.39
0.62,5.25,8.40
0.61,5.25,8.40
0.63,5.24,8.39
0.63,5.23,8.38
0.64,5.26,8.37
0.62,5.25,8.41
0.62,5.25,8.40
0.63,5.25,8.41
0.63,5.23,8.39
0.62,5.24,8.39
0.61,5.25,8.41
0.62,5.25,8.41
0.62,5.24,8.39
0.64,5.26,8.38
0.62,5.25,8.39
0.63,5.24,8.38
0.63,5.25,8.40
0.63,5.25,8.40
0.64,5.25,8.38
0.64,5.25,8.38
0.61,5.25,8.39
0.62,5.26,8.40
0.62,5.25,8.37
0.62,5.26,8.38
0.62,5.24,8.41
0.62,5.25,8.40
0.61,5.25,8.40
0.62,5.24,8.38
0.62,5.25,8.39
0.63,5.25,8.43
0.62,5.25,8.39
0.62,5.25,8.39
0.63,5.23,8.40
0.62,5.25,8.40
0.62,5.24,8.40
0.62,5.25,8.39
0.63,5.26,8.41
0.62,5.26,8.40
0.62,5.23,8.38
0.63,5.25,8.40
0.63,5.25,8.41
0.62,5.25,8.38
0.63,5.25,8.39
0.62,5.25,8.37
0.62,5.24,8.39
0.62,5.24,8.39
0.63,5.26,8.41
0.62,5.25,8.41
0.62,5.25,8.39
0.62,5.26,8.42
0.62,5.26,8.39
0.62,5.24,8.40
0.63,5.24,8.41
0.63,5.24,8.40
0.61,5.23,8.40
0.63,5.26,8.40
0.62,5.25,8.39
0.61,5.24,8.40
0.62,5.24,8.40
0.62,5.24,8.38
0.63,5.25,8.39
0.63,5.26,8.39
0.62,5.25,8.38
0.62,5.24,8.39
0.62,5.26,8.39
0.62,5.23,8.38
0.63,5.25,8.39
0.62,5.25,8.38
0.62,5.25,8.40
0.62,5.26,8.40
0.62,5.24,8.39
0.62,5.25,8.40
0.62,5.24,8.40
0.62,5.23,8.40
0.63,5.24,8.42
0.63,5.24,8.38
0.62,5.24,8.39
0.62,5.24,8.40
0.62,5.23,8.39
0.63,5.26,8.38
0.63,5.24,8.40
0.62,5.25,8.41
0.63,5.24,8.40
0.62,5.24,8.37
0.63,5.25,8.39
0.61,5.25,8.41
0.63,5.26,8.39
0.63,5.23,8.39
0.63,5.26,8.39
0.63,5.25,8.39
0.62,5.26,8.39
0.63,5.25,8.39
0.63,5.25,8.38
0.62,5.23,8.41
0.63,5.25,8.41
0.62,5.23,8.41
0.63,5.25,8.38
0.61,5.25,8.40
0.61,5.25,8.41
0.63,5.25,8.40
0.61,5.25,8.39
0.62,5.25,8.39
0.62,5.24,8.39
0.61,5.24,8.40
0.62,5.24,8.39
0.62,5.24,8.40
0.63,5.24,8.38
0.62,5.24,8.40
0.63,5.26,8.38
0.63,5.23,8.40
0.62,5.22,8.39
0.62,5.22,8.39
0.61,5.26,8.41
0.64,5.25,8.38
0.64,5.26,8.40
0.62,5.24,8.39
0.62,5.24,8.41
0.63,5.23,8.39
0.62,5.31,8.44
0.63,5.24,8.41
0.62,5.20,8.38
0.62,5.22,8.40
0.62,5.24,8.41
0.62,5.23,8.39
0.63,5.22,8.40
0.64,5.22,8.37
0.62,5.25,8.39
0.61,5.25,8.44
0.63,5.22,8.41
0.65,5.20,8.40
0.61,5.24,8.38
0.61,5.27,8.42
0.61,5.23,8.38
0.61,5.22,8.40
0.62,5.22,8.38
0.62,5.23,8.41
0.61,5.27,8.40
0.62,5.20,8.40
0.63,5.23,8.41
0.65,5.21,8.37
0.62,5.24,8.40
0.62,5.24,8.39
0.61,5.24,8.43
0.62,5.21,8.41
0.60,5.24,8.40
0.63,5.25,8.39
0.64,5.23,8.38
0.62,5.25,8.42
0.60,5.24,8.40
0.62,5.21,8.41
0.63,5.20,8.39
0.64,5.25,8.38
0.62,5.26,8.40
0.62,5.26,8.40
0.66,5.23,8.39
0.63,5.25,8.38
0.63,5.20,8.43
0.62,5.23,8.43
0.62,5.27,8.38
0.64,5.28,8.40
0.62,5.26,8.39
0.61,5.23,8.39
0.66,5.20,8.36
0.64,5.20,8.38
0.60,5.26,8.41
0.64,5.24,8.35
0.64,5.22,8.40
0.64,5.21,8.41
0.65,5.23,8.40
0.60,5.27,8.42
0.61,5.23,8.38
0.63,5.25,8.36
0.65,5.27,8.37
0.65,5.22,8.36
0.60,5.32,8.38
0.62,5.30,8.40
0.64,5.26,8.40
0.62,5.27,8.34
0.55,5.37,8.38
0.64,5.24,8.34
0.63,5.21,8.37
0.61,5.33,8.38
0.68,5.19,8.34
0.58,5.29,8.42
0.65,5.23,8.38
0.62,5.16,8.36
0.57,5.33,8.43
0.64,5.30,8.36
0.64,5.27,8.35
0.62,5.29,8.38
0.62,5.27,8.41
0.64,5.27,8.42
0.62,5.28,8.39
0.64,5.29,8.37
0.66,5.26,8.35
0.65,5.26,8.37
0.61,5.24,8.41
0.62,5.27,8.40
0.63,5.26,8.39
0.64,5.26,8.37
0.65,5.30,8.35
0.71,5.39,8.29
0.64,5.34,8.43
0.66,5.53,8.67
0.57,5.00,8.25
0.68,5.49,8.36
0.63,5.43,8.30
0.67,5.37,8.35
0.66,5.40,8.39
0.63,5.22,8.37
0.54,5.43,8.29
0.51,5.43,8.28
0.85,5.55,8.52
0.77,5.51,8.41
1.79,5.39,9.55
0.85,5.25,8.24
-0.27,5.10,8.83
-0.80,5.25,6.85
-0.07,5.22,8.61
-0.57,4.90,8.11
-1.29,4.96,9.36
-0.45,5.26,7.97
-0.11,5.26,8.22
-0.23,5.08,9.27
