2.10,5.18,8.20
2.09,5.16,8.22
2.08,5.17,8.21
2.09,5.13,8.20
2.10,5.12,8.20
2.08,5.13,8.25
2.08,5.14,8.23
2.09,5.16,8.21
2.08,5.14,8.22
2.09,5.17,8.22
2.10,5.15,8.21
2.09,5.15,8.21
2.07,5.16,8.21
2.12,5.14,8.20
2.09,5.13,8.23
2.09,5.14,8.24
2.09,5.14,8.23
2.10,5.15,8.22
2.11,5.16,8.21
2.09,5.17,8.22
2.10,5.14,8.18
2.08,5.15,8.22
2.09,5.13,8.22
2.09,5.14,8.22
2.09,5.15,8.22
2.10,5.14,8.21
2.09,5.16,8.20
2.10,5.15,8.21
2.10,5.17,8.20
2.09,5.17,8.22
2.08,5.15,8.22
2.09,5.15,8.24
2.08,5.14,8.26
2.09,5.14,8.24
2.08,5.15,8.20
2.09,5.15,8.20
2.08,5.14,8.19
2.09,5.17,8.23
2.08,5.14,8.22
2.08,5.14,8.22
2.09,5.13,8.21
2.08,5.14,8.23
2.09,5.15,8.22
2.09,5.15,8.21
2.09,5.15,8.21
2.09,5.16,8.19
2.09,5.15,8.22
2.09,5.15,8.21
2.08,5.14,8.23
2.09,5.13,8.23
2.09,5.14,8.21
2.09,5.14,8.23
2.09,5.14,8.22
2.10,5.15,8.21
2.10,5.15,8.22
2.09,5.14,8.22
2.09,5.14,8.23
2.10,5.13,8.22
2.08,5.14,8.22
2.08,5.14,8.23
2.09,5.15,8.22
2.09,5.15,8.24
2.08,5.14,8.22
2.08,5.14,8.24
2.09,5.13,8.23
2.09,5.14,8.23
2.10,5.14,8.22
2.08,5.15,8.22
2.10,5.15,8.21
2.09,5.15,8.20
2.09,5.16,8.22
2.09,5.14,8.22
2.08,5.14,8.25
2.08,5.13,8.22
2.09,5.13,8.23
2.08,5.15,8.22
2.09,5.15,8.23
2.09,5.15,8.21
2.08,5.15,8.22
2.08,5.14,8.22
2.10,5.13,8.22
2.09,5.15,8.23
2.08,5.13,8.22
2.08,5.15,8.23
2.09,5.14,8.23
2.08,5.15,8.21
2.07,5.15,8.22
2.08,5.13,8.21
2.09,5.15,8.23
2.08,5.14,8.22
2.08,5.15,8.24
2.09,5.15,8.22
2.10,5.14,8.22
2.09,5.15,8.21
2.09,5.15,8.23
2.09,5.15,8.23
2.08,5.14,8.22
2.09,5.15,8.21
2.08,5.14,8.22
2.08,5.14,8.25
2.09,5.14,8.21
2.09,5.14,8.23
2.09,5.14,8.21
2.08,5.14,8.21
2.08,5.15,8.23
2.08,5.14,8.22
2.08,5.13,8.23
2.09,5.13,8.23
2.08,5.15,8.23
2.08,5.13,8.21
2.08,5.15,8.22
2.09,5.14,8.20
2.09,5.14,8.21
2.09,5.15,8.22
2.08,5.13,8.23
2.07,5.14,8.24
2.09,5.15,8.24
2.09,5.14,8.24
2.09,5.14,8.21
2.09,5.15,8.22
2.08,5.12,8.21
2.10,5.09,8.20
2.09,5.11,8.22
2.04,5.26,8.32
2.12,5.12,8.16
2.08,5.16,8.25
2.09,5.15,8.18
2.05,5.20,8.28
2.10,5.10,8.22
2.11,5.13,8.18
2.07,5.18,8.27
2.09,5.18,8.24
2.07,5.09,8.24
2.08,5.15,8.23
2.11,5.14,8.18
2.06,5.15,8.24
2.10,5.16,8.24
2.09,5.08,8.24
2.04,5.20,8.22
2.12,5.13,8.20
2.05,5.23,8.29
2.08,5.12,8.22
2.07,5.08,8.24
2.07,5.04,8.22
2.09,5.05,8.23
2.06,5.18,8.26
2.09,5.18,8.22
2.09,5.10,8.18
2.07,5.13,8.23
2.07,5.10,8.26
2.08,5.08,8.29
2.08,5.07,8.24
2.07,5.18,8.21
2.10,5.14,8.19
2.09,5.16,8.21
2.07,5.11,8.24
2.09,5.11,8.22
2.07,5.11,8.26
2.07,5.12,8.26
2.07,5.13,8.27
2.07,5.12,8.21
2.07,5.14,8.25
2.08,5.12,8.22
2.08,5.14,8.23
2.09,5.12,8.24
2.07,5.12,8.22
2.09,5.13,8.24
2.08,5.13,8.23
2.08,5.12,8.24
2.08,5.11,8.22
2.08,5.14,8.23
2.09,5.13,8.22
2.09,5.10,8.22
2.08,5.10,8.22
2.08,5.15,8.25
2.07,5.17,8.24
2.09,5.12,8.22
2.07,5.11,8.25
2.08,5.10,8.24
2.08,5.10,8.22
2.08,5.15,8.21
2.08,5.16,8.20
2.08,5.16,8.21
2.08,5.13,8.23
2.10,5.17,8.25
2.09,5.12,8.25
2.08,5.15,8.22
2.09,5.16,8.19
2.07,5.14,8.20
2.09,5.15,8.23
2.08,5.12,8.22
2.08,5.10,8.25
2.08,5.13,8.22
2.08,5.14,8.24
2.08,5.13,8.25
2.08,5.14,8.22
2.07,5.15,8.24
2.08,5.12,8.23
2.09,5.11,8.24
2.08,5.12,8.24
2.08,5.15,8.24
2.08,5.13,8.23
2.07,5.13,8.25
2.08,5.12,8.22
2.09,5.11,8.22
2.07,5.14,8.24
2.07,5.15,8.24
2.07,5.11,8.25
2.07,5.11,8.23
2.07,5.13,8.24
2.06,5.13,8.24
2.08,5.12,8.25
2.08,5.13,8.24
2.07,5.13,8.21
2.08,5.14,8.23
2.08,5.12,8.23
2.07,5.13,8.25
2.09,5.12,8.25
2.08,5.13,8.24
2.08,5.12,8.22
2.08,5.11,8.21
2.08,5.14,8.23
2.09,5.15,8.21
2.09,5.15,8.22
2.07,5.11,8.23
2.07,5.12,8.25
2.08,5.12,8.24
2.08,5.12,8.22
2.09,5.12,8.24
2.08,5.13,8.24
2.08,5.14,8.24
2.09,5.13,8.22
2.09,5.12,8.24
2.08,5.11,8.22
2.06,5.14,8.25
2.07,5.12,8.24
2.07,5.11,8.23
2.09,5.12,8.21
2.09,5.11,8.23
2.07,5.14,8.23
2.08,5.14,8.23
2.07,5.10,8.23
2.08,5.12,8.22
2.08,5.12,8.23
2.08,5.13,8.25
2.07,5.14,8.23
2.08,5.14,8.24
2.08,5.11,8.22
2.07,5.15,8.23
2.08,5.12,8.24
2.07,5.11,8.26
2.07,5.15,8.24
2.07,5.11,8.21
2.08,5.14,8.23
2.08,5.13,8.23
2.09,5.13,8.23
2.08,5.11,8.23
2.08,5.12,8.22
2.08,5.14,8.25
2.08,5.12,8.22
2.09,5.12,8.24
2.07,5.12,8.24
2.09,5.14,8.25
2.08,5.13,8.24
2.08,5.11,8.24
2.08,5.13,8.23
2.06,5.13,8.24
2.07,5.13,8.24
2.09,5.11,8.21
2.08,5.14,8.23
2.09,5.13,8.22
2.08,5.13,8.23
2.08,5.12,8.23
2.07,5.12,8.24
2.07,5.12,8.24
2.07,5.12,8.23
2.08,5.14,8.24
2.08,5.14,8.23
2.09,5.13,8.22
2.09,5.12,8.23
2.07,5.12,8.24
2.09,5.13,8.24
2.08,5.11,8.23
2.08,5.13,8.25
2.08,5.12,8.23
2.09,5.15,8.23
2.06,5.13,8.23
2.08,5.14,8.25
2.07,5.11,8.22
2.08,5.12,8.21
2.07,5.13,8.24
2.08,5.12,8.24
2.07,5.13,8.22
2.08,5.13,8.23
2.08,5.13,8.22
2.08,5.14,8.25
2.08,5.13,8.22
2.08,5.14,8.24
2.08,5.13,8.25
2.09,5.11,8.21
2.08,5.12,8.24
2.08,5.13,8.21
2.08,5.14,8.23
2.08,5.13,8.24
2.08,5.12,8.24
2.09,5.13,8.24
2.08,5.12,8.22
2.09,5.12,8.24
2.08,5.12,8.22
2.08,5.12,8.24
2.08,5.15,8.22
2.09,5.14,8.24
2.07,5.13,8.23
2.06,5.12,8.25
2.09,5.13,8.25
2.07,5.11,8.24
2.07,5.12,8.24
2.09,5.13,8.24
2.09,5.13,8.23
2.07,5.13,8.23
2.09,5.12,8.25
2.08,5.13,8.23
2.09,5.12,8.25
2.07,5.12,8.22
2.09,5.13,8.24
2.08,5.12,8.24
2.08,5.12,8.24
2.08,5.12,8.25
2.08,5.13,8.22
2.09,5.11,8.26
2.09,5.13,8.24
2.09,5.13,8.22
2.08,5.14,8.24
2.09,5.12,8.22
2.08,5.12,8.24
2.09,5.14,8.24
2.07,5.11,8.26
2.07,5.13,8.22
2.09,5.13,8.24
2.07,5.13,8.23
2.08,5.13,8.24
2.07,5.13,8.24
2.07,5.12,8.22
2.09,5.12,8.26
2.08,5.12,8.23
2.08,5.13,8.24
2.07,5.14,8.23
2.09,5.12,8.25
2.08,5.12,8.24
2.09,5.13,8.24
2.08,5.14,8.24
2.08,5.14,8.23
2.08,5.13,8.23
2.07,5.12,8.24
2.09,5.13,8.24
2.08,5.13,8.24
2.08,5.12,8.23
2.07,5.12,8.23
2.08,5.13,8.23
2.08,5.14,8.23
2.08,5.12,8.24
2.07,5.11,8.24
2.09,5.11,8.25
2.07,5.13,8.25
2.08,5.12,8.22
2.09,5.12,8.23
2.08,5.13,8.23
2.09,5.12,8.24
2.09,5.14,8.23
2.08,5.13,8.23
2.09,5.11,8.23
2.07,5.13,8.22
2.08,5.13,8.23
2.07,5.14,8.24
2.08,5.12,8.23
2.07,5.14,8.25
2.07,5.12,8.25
2.08,5.13,8.24
2.07,5.12,8.25
2.08,5.12,8.23
2.09,5.13,8.23
2.08,5.13,8.23
2.08,5.12,8.23
2.08,5.12,8.23
2.08,5.12,8.23
2.08,5.14,8.22
2.08,5.11,8.22
2.08,5.13,8.24
2.09,5.13,8.24
2.08,5.13,8.23
2.08,5.12,8.24
2.07,5.14,8.23
2.08,5.12,8.23
2.09,5.13,8.25
2.07,5.12,8.25
2.07,5.12,8.24
2.08,5.13,8.19
2.07,5.13,8.25
2.08,5.13,8.25
2.08,5.12,8.24
2.08,5.12,8.23
2.08,5.13,8.26
2.08,5.12,8.23
2.09,5.15,8.26
2.07,5.12,8.23
2.07,5.13,8.24
2.07,5.12,8.23
2.08,5.13,8.22
2.07,5.12,8.24
2.09,5.13,8.24
2.08,5.13,8.23
2.07,5.13,8.23
2.08,5.13,8.23
2.07,5.13,8.23
2.06,5.13,8.22
2.07,5.12,8.23
2.07,5.13,8.25
2.08,5.13,8.22
2.09,5.13,8.23
2.08,5.13,8.23
2.08,5.13,8.23
2.08,5.13,8.22
2.08,5.13,8.24
2.08,5.12,8.22
2.08,5.13,8.22
2.08,5.13,8.25
2.07,5.14,8.24
2.10,5.12,8.24
2.07,5.14,8.23
2.08,5.13,8.23
2.09,5.12,8.23
2.08,5.13,8.24
2.07,5.12,8.21
2.09,5.13,8.22
2.07,5.13,8.25
2.07,5.12,8.22
2.08,5.13,8.24
2.08,5.12,8.23
2.08,5.15,8.23
2.08,5.13,8.24
2.08,5.11,8.24
2.07,5.12,8.22
2.09,5.12,8.23
2.08,5.11,8.23
2.08,5.15,8.24
2.08,5.13,8.23
2.08,5.12,8.22
2.09,5.12,8.21
2.09,5.11,8.22
2.07,5.12,8.24
2.09,5.13,8.23
2.07,5.13,8.22
2.08,5.13,8.24
2.07,5.12,8.25
2.09,5.13,8.23
2.08,5.13,8.22
2.08,5.12,8.25
2.07,5.12,8.22
2.08,5.12,8.23
2.08,5.14,8.21
2.09,5.15,8.25
2.07,5.15,8.24
2.07,5.14,8.23
2.08,5.12,8.23
2.07,5.12,8.22
2.09,5.12,8.24
2.09,5.12,8.25
2.09,5.12,8.23
2.08,5.14,8.22
2.08,5.14,8.25
2.09,5.12,8.23
2.08,5.14,8.24
2.08,5.13,8.23
2.09,5.14,8.22
2.08,5.13,8.21
2.09,5.13,8.22
2.09,5.12,8.23
2.09,5.13,8.22
2.08,5.13,8.23
2.09,5.12,8.23
2.08,5.14,8.23
2.08,5.12,8.20
2.08,5.14,8.20
2.07,5.13,8.22
2.08,5.13,8.24
2.08,5.14,8.23
2.08,5.14,8.23
2.08,5.13,8.23
2.08,5.13,8.25
2.09,5.13,8.24
2.09,5.15,8.23
2.08,5.13,8.23
2.08,5.13,8.26
2.09,5.15,8.22
2.09,5.12,8.21
2.08,5.13,8.26
2.09,5.12,8.24
2.08,5.14,8.25
2.09,5.13,8.23
2.08,5.13,8.21
2.07,5.14,8.22
2.08,5.12,8.23
2.08,5.13,8.25
2.08,5.13,8.20
2.09,5.12,8.24
2.08,5.12,8.25
2.08,5.12,8.24
2.08,5.12,8.25
2.08,5.13,8.22
2.08,5.16,8.25
2.08,5.13,8.22
2.09,5.11,8.25
2.06,5.10,8.23
2.08,5.11,8.24
2.07,5.14,8.23
2.08,5.11,8.24
2.08,5.11,8.24
2.07,5.14,8.23
2.08,5.14,8.22
2.08,5.13,8.23
2.08,5.10,8.26
2.08,5.11,8.26
2.08,5.15,8.26
2.09,5.13,8.21
2.08,5.12,8.24
2.06,5.13,8.23
2.07,5.13,8.25
2.08,5.12,8.25
2.09,5.10,8.23
2.07,5.11,8.26
2.07,5.15,8.24
2.07,5.14,8.23
2.09,5.12,8.23
2.08,5.11,8.24
2.08,5.12,8.25
2.09,5.13,8.25
2.09,5.13,8.21
2.08,5.14,8.25
2.08,5.12,8.23
2.08,5.11,8.24
2.08,5.13,8.23
2.08,5.13,8.23
2.08,5.11,8.23
2.07,5.13,8.24
2.07,5.15,8.24
2.09,5.14,8.23
2.07,5.10,8.25
2.08,5.13,8.23
2.07,5.11,8.25
2.08,5.13,8.25
2.08,5.12,8.25
2.09,5.12,8.23
2.08,5.13,8.25
2.07,5.13,8.23
2.07,5.11,8.24
2.07,5.10,8.25
2.08,5.12,8.24
2.07,5.13,8.26
2.07,5.13,8.23
2.08,5.13,8.22
2.08,5.11,8.24
2.07,5.14,8.27
2.08,5.12,8.25
2.09,5.11,8.25
2.08,5.12,8.25
2.08,5.13,8.23
2.07,5.13,8.23
2.08,5.12,8.22
2.08,5.11,8.22
2.08,5.12,8.25
2.08,5.12,8.24
2.07,5.13,8.24
2.08,5.12,8.23
2.09,5.12,8.24
2.08,5.12,8.24
2.09,5.11,8.24
2.08,5.12,8.25
2.07,5.11,8.22
2.08,5.13,8.25
2.08,5.13,8.23
2.07,5.12,8.23
2.07,5.12,8.24
2.07,5.11,8.25
2.08,5.12,8.23
2.09,5.11,8.27
2.08,5.11,8.23
2.08,5.12,8.23
2.08,5.13,8.24
2.08,5.11,8.25
2.07,5.11,8.24
2.08,5.13,8.24
2.08,5.13,8.22
2.07,5.13,8.23
2.09,5.13,8.24
2.07,5.12,8.23
2.07,5.13,8.24
2.07,5.14,8.23
2.08,5.11,8.24
2.09,5.12,8.24
2.08,5.15,8.21
2.07,5.13,8.23
2.08,5.11,8.24
2.08,5.11,8.22
2.07,5.12,8.24
2.07,5.12,8.24
2.08,5.13,8.23
2.07,5.12,8.25
2.08,5.13,8.23
2.08,5.12,8.24
2.08,5.12,8.23
2.08,5.13,8.24
2.08,5.12,8.23
2.08,5.13,8.23
2.08,5.12,8.23
2.07,5.12,8.23
2.07,5.12,8.26
2.07,5.11,8.24
2.07,5.12,8.26
2.08,5.12,8.21
2.08,5.12,8.24
2.08,5.12,8.24
2.07,5.13,8.25
2.08,5.11,8.22
2.08,5.11,8.25
2.09,5.13,8.23
2.09,5.11,8.22
2.08,5.12,8.24
2.07,5.12,8.24
2.08,5.13,8.24
2.08,5.11,8.25
2.08,5.11,8.23
2.08,5.11,8.23
2.08,5.12,8.24
2.08,5.14,8.25
2.07,5.11,8.24
2.09,5.11,8.24
2.07,5.12,8.23
2.08,5.12,8.24
2.09,5.13,8.24
2.09,5.13,8.25
2.08,5.11,8.23
2.08,5.10,8.24
2.09,5.13,8.23
2.08,5.12,8.25
2.08,5.13,8.23
2.08,5.13,8.23
2.08,5.12,8.22
2.08,5.11,8.24
2.07,5.11,8.25
2.08,5.12,8.23
2.08,5.12,8.23
2.07,5.12,8.25
2.08,5.12,8.23
2.08,5.14,8.23
2.08,5.12,8.24
2.08,5.11,8.23
2.07,5.13,8.23
2.09,5.12,8.24
2.08,5.10,8.26
2.08,5.14,8.25
2.07,5.12,8.23
2.08,5.13,8.23
2.07,5.12,8.24
2.08,5.12,8.26
2.08,5.12,8.24
2.08,5.11,8.23
2.08,5.12,8.25
2.08,5.14,8.23
2.08,5.13,8.23
2.09,5.12,8.24
2.07,5.11,8.24
2.08,5.12,8.24
2.07,5.12,8.24
2.07,5.12,8.23
2.09,5.12,8.23
2.08,5.12,8.24
2.09,5.13,8.24
2.08,5.12,8.24
2.07,5.13,8.25
2.08,5.12,8.24
2.08,5.12,8.24
2.08,5.12,8.23
2.08,5.13,8.25
2.08,5.13,8.23
2.07,5.11,8.25
2.09,5.10,8.23
2.09,5.13,8.23
2.07,5.14,8.25
2.08,5.13,8.22
2.07,5.12,8.25
2.07,5.12,8.25
2.09,5.13,8.24
2.07,5.11,8.24
2.08,5.13,8.26
2.08,5.13,8.24
2.08,5.13,8.22
2.08,5.13,8.25
2.07,5.12,8.26
2.07,5.12,8.24
2.09,5.13,8.23
2.07,5.12,8.25
2.08,5.12,8.23
2.07,5.15,8.24
2.08,5.14,8.23
2.09,5.10,8.23
2.08,5.11,8.24
2.07,5.11,8.25
2.07,5.13,8.23
2.09,5.13,8.23
2.07,5.12,8.22
2.08,5.12,8.23
2.06,5.13,8.23
2.08,5.12,8.26
2.08,5.11,8.23
2.08,5.12,8.25
2.08,5.13,8.23
2.09,5.14,8.23
2.08,5.11,8.23
2.09,5.11,8.22
2.07,5.13,8.25
2.08,5.13,8.22
2.08,5.12,8.25
2.08,5.11,8.25
2.08,5.11,8.23
2.08,5.12,8.24
2.07,5.12,8.23
2.09,5.13,8.23
2.09,5.12,8.23
2.08,5.14,8.23
2.07,5.12,8.24
2.08,5.12,8.24
2.09,5.12,8.24
2.08,5.11,8.23
2.08,5.12,8.25
2.07,5.12,8.25
2.08,5.11,8.21
2.09,5.14,8.23
2.07,5.14,8.23
2.07,5.13,8.24
2.09,5.11,8.25
2.07,5.10,8.22
2.08,5.13,8.24
2.07,5.12,8.25
2.08,5.13,8.24
2.09,5.12,8.22
2.08,5.14,8.24
2.08,5.12,8.24
2.07,5.11,8.24
2.08,5.10,8.25
2.08,5.13,8.23
2.08,5.13,8.22
2.08,5.13,8.24
2.08,5.12,8.25
2.07,5.11,8.25
2.07,5.12,8.24
2.07,5.13,8.24
2.08,5.10,8.24
2.08,5.15,8.24
2.08,5.11,8.23
2.09,5.13,8.23
2.08,5.11,8.23
2.09,5.13,8.23
2.08,5.12,8.23
2.07,5.12,8.25
2.08,5.12,8.23
2.08,5.11,8.24
2.08,5.12,8.24
2.08,5.13,8.22
2.09,5.12,8.25
2.07,5.13,8.24
2.07,5.13,8.25
2.08,5.10,8.23
2.08,5.13,8.24
2.09,5.12,8.22
2.08,5.12,8.23
2.07,5.12,8.25
2.08,5.13,8.25
2.08,5.11,8.23
2.08,5.12,8.23
2.08,5.13,8.25
2.08,5.12,8.24
2.06,5.12,8.24
2.08,5.11,8.25
2.08,5.12,8.24
2.08,5.13,8.24
2.07,5.12,8.23
2.09,5.12,8.26
2.07,5.13,8.24
2.08,5.11,8.22
2.07,5.13,8.23
2.08,5.12,8.21
2.08,5.13,8.23
2.08,5.14,8.23
2.08,5.12,8.24
2.07,5.12,8.24
2.07,5.13,8.24
2.08,5.11,8.22
2.08,5.14,8.24
2.09,5.13,8.23
2.08,5.13,8.25
2.08,5.12,8.22
2.07,5.13,8.23
2.07,5.13,8.24
2.08,5.13,8.24
2.08,5.12,8.24
2.08,5.12,8.23
2.07,5.12,8.24
2.09,5.13,8.22
2.08,5.12,8.23
2.08,5.12,8.22
2.08,5.15,8.25
2.07,5.12,8.24
2.08,5.12,8.24
2.08,5.11,8.24
2.08,5.12,8.24
2.08,5.12,8.25
2.08,5.12,8.25
2.08,5.13,8.25
2.08,5.13,8.25
2.09,5.13,8.25
2.09,5.13,8.25
2.08,5.12,8.24
2.09,5.12,8.24
2.08,5.12,8.22
2.08,5.13,8.25
2.08,5.12,8.24
2.09,5.12,8.23
2.09,5.12,8.23
2.08,5.12,8.23
2.09,5.13,8.25
2.07,5.12,8.25
2.08,5.13,8.23
2.08,5.13,8.23
2.08,5.13,8.22
2.08,5.13,8.24
2.07,5.14,8.24
2.08,5.12,8.23
2.09,5.13,8.23
2.08,5.12,8.23
2.07,5.12,8.23
2.09,5.12,8.24
2.08,5.13,8.25
2.08,5.10,8.24
2.08,5.13,8.23
2.08,5.13,8.23
2.08,5.13,8.21
2.09,5.12,8.23
2.07,5.13,8.26
2.08,5.13,8.25
2.08,5.12,8.24
2.09,5.11,8.23
2.08,5.13,8.23
2.08,5.12,8.23
2.09,5.12,8.25
2.08,5.10,8.23
2.07,5.12,8.23
2.08,5.13,8.24
2.09,5.12,8.23
2.08,5.12,8.24
2.08,5.12,8.25
2.08,5.12,8.24
2.08,5.13,8.22
2.08,5.12,8.24
2.08,5.12,8.23
2.08,5.12,8.23
2.07,5.12,8.24
2.07,5.12,8.22
2.07,5.11,8.23
2.08,5.14,8.23
2.08,5.14,8.24
2.08,5.12,8.25
2.07,5.12,8.25
2.08,5.13,8.24
2.09,5.12,8.23
2.07,5.14,8.23
2.08,5.11,8.23
2.07,5.11,8.24
2.08,5.14,8.25
2.08,5.12,8.24
2.07,5.13,8.23
2.08,5.12,8.24
2.06,5.13,8.24
2.08,5.12,8.23
2.09,5.13,8.23
2.07,5.12,8.22
2.07,5.12,8.21
2.08,5.13,8.25
2.09,5.12,8.24
2.08,5.12,8.24
2.08,5.12,8.25
2.08,5.10,8.23
2.07,5.13,8.24
2.08,5.12,8.23
2.07,5.12,8.21
2.09,5.13,8.23
2.08,5.13,8.24
2.07,5.13,8.23
2.06,5.10,8.23
2.08,5.10,8.25
2.08,5.12,8.25
2.08,5.12,8.21
2.08,5.12,8.25
2.07,5.14,8.26
2.06,5.13,8.25
2.07,5.12,8.24
2.08,5.11,8.26
2.08,5.12,8.23
2.07,5.14,8.22
2.08,5.12,8.22
2.07,5.12,8.23
2.08,5.12,8.24
2.09,5.12,8.24
2.08,5.13,8.24
2.08,5.14,8.25
2.08,5.12,8.23
2.08,5.12,8.24
2.08,5.12,8.22
2.07,5.11,8.22
2.09,5.12,8.24
2.07,5.12,8.24
2.08,5.13,8.21
2.08,5.12,8.23
2.09,5.12,8.24
2.07,5.13,8.24
2.08,5.11,8.23
2.07,5.13,8.25
2.07,5.12,8.26
2.08,5.12,8.25
2.08,5.13,8.23
2.08,5.13,8.22
2.08,5.13,8.23
2.08,5.11,8.23
2.09,5.10,8.24
2.07,5.13,8.23
2.08,5.14,8.23
2.08,5.12,8.20
2.08,5.13,8.24
2.08,5.13,8.23
2.08,5.12,8.23
2.07,5.11,8.24
2.08,5.12,8.24
2.08,5.13,8.25
2.08,5.13,8.25
2.08,5.13,8.20
2.08,5.12,8.25
2.08,5.12,8.24
2.08,5.13,8.22
2.09,5.13,8.21
2.08,5.12,8.25
2.08,5.12,8.22
2.08,5.13,8.24
2.06,5.13,8.25
2.09,5.12,8.24
2.08,5.11,8.23
2.07,5.12,8.25
2.07,5.11,8.23
2.08,5.14,8.25
2.07,5.11,8.22
2.08,5.14,8.26
2.09,5.12,8.24
2.08,5.12,8.21
2.08,5.12,8.23
2.08,5.12,8.24
2.09,5.14,8.23
2.08,5.11,8.24
2.09,5.12,8.23
2.08,5.11,8.24
2.07,5.12,8.24
2.08,5.13,8.24
2.08,5.13,8.24
2.09,5.12,8.24
2.07,5.13,8.24
2.07,5.13,8.23
2.08,5.14,8.23
2.07,5.13,8.22
2.08,5.13,8.24
2.07,5.13,8.25
2.09,5.12,8.23
2.08,5.11,8.24
2.07,5.10,8.24
2.08,5.12,8.24
2.08,5.13,8.23
2.08,5.12,8.23
2.08,5.12,8.24
2.08,5.13,8.24
2.08,5.11,8.25
2.08,5.12,8.24
2.08,5.11,8.23
2.07,5.11,8.23
2.08,5.13,8.26
2.08,5.10,8.23
2.08,5.12,8.26
2.08,5.13,8.24
2.08,5.12,8.24
2.08,5.13,8.26
2.08,5.12,8.24
2.08,5.13,8.24
2.07,5.12,8.23
2.08,5.12,8.22
2.09,5.12,8.23
2.08,5.12,8.23
2.09,5.12,8.23
2.08,5.12,8.25
2.08,5.12,8.24
2.07,5.13,8.22
2.08,5.13,8.25
2.09,5.12,8.22
2.08,5.11,8.25
2.08,5.13,8.24
2.09,5.13,8.22
2.07,5.14,8.24
2.08,5.12,8.23
2.08,5.13,8.24
2.08,5.13,8.25
2.07,5.13,8.22
2.07,5.12,8.24
2.07,5.13,8.24
2.07,5.12,8.24
2.09,5.11,8.25
2.08,5.12,8.23
2.07,5.14,8.25
2.08,5.12,8.25
2.08,5.11,8.24
2.08,5.13,8.24
2.08,5.12,8.24
2.08,5.12,8.23
2.08,5.13,8.23
2.08,5.14,8.24
2.08,5.13,8.24
2.08,5.13,8.25
2.08,5.11,8.23
2.08,5.12,8.23
2.08,5.11,8.24
2.08,5.13,8.24
2.08,5.13,8.25
2.09,5.12,8.24
2.07,5.14,8.24
2.08,5.14,8.23
2.07,5.12,8.25
2.08,5.13,8.25
2.08,5.13,8.23
2.09,5.12,8.25
2.08,5.13,8.24
2.07,5.12,8.21
2.08,5.11,8.25
2.08,5.13,8.22
2.07,5.11,8.23
2.08,5.11,8.24
2.09,5.11,8.25
2.08,5.11,8.24
2.08,5.13,8.23
2.09,5.13,8.24
2.07,5.13,8.23
2.07,5.12,8.24
2.07,5.12,8.24
2.08,5.12,8.25
2.08,5.09,8.22
2.08,5.11,8.22
2.08,5.14,8.23
2.08,5.15,8.24
2.08,5.11,8.24
2.08,5.10,8.25
2.07,5.14,8.24
2.08,5.15,8.24
2.08,5.13,8.24
2.08,5.12,8.23
2.07,5.12,8.24
2.09,5.12,8.25
2.07,5.11,8.24
2.07,5.13,8.24
2.07,5.11,8.23
2.08,5.13,8.23
2.07,5.13,8.24
2.09,5.13,8.22
2.07,5.12,8.23
2.08,5.11,8.24
2.08,5.12,8.24
2.08,5.12,8.23
2.08,5.12,8.22
2.07,5.13,8.24
2.08,5.12,8.24
2.07,5.12,8.24
2.07,5.11,8.24
2.09,5.13,8.23
2.08,5.12,8.23
2.09,5.14,8.23
2.07,5.15,8.22
2.08,5.14,8.24
2.08,5.11,8.24
2.09,5.11,8.22
2.07,5.12,8.24
2.08,5.12,8.24
2.08,5.14,8.23
2.08,5.13,8.24
2.08,5.13,8.23
2.07,5.09,8.23
2.09,5.11,8.25
2.07,5.15,8.23
2.08,5.12,8.22
2.08,5.13,8.24
2.08,5.12,8.23
2.07,5.13,8.23
2.08,5.13,8.25
2.08,5.11,8.24
2.08,5.11,8.22
2.08,5.12,8.23
2.08,5.15,8.23
2.09,5.13,8.24
2.08,5.13,8.22
2.07,5.11,8.26
2.08,5.13,8.22
2.08,5.12,8.24
2.07,5.13,8.24
2.08,5.13,8.24
2.08,5.13,8.24
2.08,5.13,8.25
2.08,5.12,8.25
2.09,5.12,8.23
2.08,5.14,8.24
2.08,5.15,8.22
2.07,5.12,8.24
2.08,5.12,8.22
2.08,5.13,8.23
2.07,5.13,8.22
2.07,5.12,8.24
2.08,5.12,8.24
2.09,5.13,8.25
2.08,5.14,8.23
2.08,5.12,8.24
2.08,5.12,8.24
2.07,5.12,8.24
2.07,5.11,8.24
2.08,5.12,8.23
2.07,5.13,8.26
2.08,5.13,8.23
2.08,5.12,8.23
2.07,5.10,8.23
2.07,5.11,8.23
2.08,5.12,8.25
2.07,5.11,8.23
2.08,5.12,8.23
2.08,5.12,8.24
2.07,5.12,8.24
2.09,5.12,8.22
2.07,5.12,8.23
2.09,5.11,8.22
2.08,5.12,8.24
2.07,5.13,8.22
2.07,5.12,8.23
2.08,5.12,8.24
2.08,5.12,8.24
2.08,5.13,8.23
2.08,5.12,8.24
2.09,5.12,8.23
2.07,5.12,8.23
2.08,5.11,8.23
2.08,5.11,8.24
2.08,5.12,8.24
2.08,5.13,8.25
2.09,5.13,8.24
2.08,5.12,8.24
2.09,5.12,8.23
2.09,5.13,8.24
2.08,5.13,8.23
2.08,5.13,8.24
2.08,5.12,8.25
2.08,5.12,8.25
2.09,5.12,8.23
2.08,5.13,8.22
2.07,5.12,8.25
2.09,5.12,8.24
2.07,5.13,8.23
2.08,5.13,8.24
2.07,5.12,8.22
2.07,5.12,8.23
2.09,5.12,8.22
2.07,5.12,8.23
2.07,5.13,8.23
2.08,5.12,8.23
2.07,5.11,8.24
2.07,5.14,8.23
2.07,5.13,8.24
2.08,5.11,8.24
2.08,5.12,8.23
2.06,5.13,8.25
2.09,5.14,8.23
2.07,5.10,8.22
2.07,5.11,8.24
2.07,5.13,8.23
2.07,5.12,8.24
2.08,5.11,8.25
2.09,5.13,8.23
2.07,5.14,8.24
2.08,5.12,8.24
2.08,5.12,8.23
2.09,5.11,8.25
2.08,5.12,8.24
2.08,5.13,8.25
2.08,5.13,8.25
2.07,5.13,8.25
2.09,5.13,8.23
2.08,5.14,8.25
2.08,5.13,8.24
2.07,5.12,8.24
2.09,5.12,8.23
2.08,5.14,8.23
2.08,5.13,8.23
2.08,5.12,8.22
2.07,5.11,8.23
2.08,5.11,8.21
2.08,5.13,8.24
2.07,5.12,8.22
2.07,5.12,8.19
2.09,5.12,8.24
2.08,5.14,8.24
2.08,5.12,8.23
2.08,5.12,8.24
2.07,5.12,8.19
2.08,5.11,8.25
2.09,5.11,8.24
2.06,5.13,8.24
2.08,5.12,8.23
2.07,5.13,8.22
2.08,5.10,8.23
2.09,5.13,8.24
2.07,5.13,8.24
2.08,5.12,8.24
2.08,5.12,8.23
2.08,5.12,8.23
2.08,5.15,8.23
2.08,5.13,8.24
2.08,5.10,8.24
2.06,5.13,8.26
2.07,5.14,8.24
2.09,5.12,8.23
2.09,5.12,8.26
2.08,5.12,8.24
2.08,5.14,8.24
2.08,5.12,8.22
2.08,5.11,8.23
2.08,5.13,8.25
2.08,5.13,8.23
2.08,5.13,8.23
2.09,5.13,8.23
2.08,5.12,8.24
2.08,5.14,8.22
2.09,5.12,8.24
2.08,5.12,8.23
2.08,5.12,8.24
2.09,5.11,8.23
2.09,5.15,8.23
2.08,5.13,8.24
2.08,5.12,8.25
2.08,5.12,8.23
2.08,5.13,8.26
2.09,5.13,8.24
2.09,5.11,8.23
2.08,5.12,8.22
2.07,5.13,8.23
2.08,5.14,8.24
2.08,5.12,8.25
2.08,5.11,8.23
2.07,5.13,8.24
2.09,5.13,8.24
2.08,5.13,8.24
2.08,5.12,8.23
2.08,5.13,8.24
2.09,5.13,8.22
2.07,5.13,8.23
2.08,5.12,8.22
2.09,5.12,8.24
2.08,5.12,8.24
2.08,5.12,8.24
2.09,5.12,8.25
2.08,5.12,8.23
2.08,5.12,8.25
2.08,5.13,8.23
2.08,5.13,8.24
2.07,5.13,8.23
2.09,5.12,8.25
2.07,5.11,8.24
2.07,5.12,8.23
2.08,5.12,8.24
2.10,5.13,8.24
2.09,5.14,8.24
2.08,5.14,8.24
2.07,5.12,8.22
2.08,5.11,8.23
2.09,5.12,8.25
2.07,5.12,8.24
2.08,5.13,8.23
2.08,5.12,8.23
2.08,5.13,8.25
2.09,5.13,8.26
2.08,5.11,8.24
2.08,5.11,8.22
2.09,5.11,8.26
2.08,5.13,8.24
2.06,5.13,8.23
2.08,5.14,8.25
2.08,5.11,8.22
2.08,5.13,8.22
2.09,5.12,8.24
2.09,5.13,8.25
2.09,5.11,8.25
2.08,5.10,8.22
2.07,5.13,8.24
2.08,5.13,8.25
2.07,5.12,8.24
2.09,5.14,8.22
2.08,5.11,8.23
2.08,5.12,8.24
2.08,5.13,8.23
2.09,5.12,8.25
2.09,5.12,8.22
2.09,5.15,8.25
2.07,5.12,8.23
2.08,5.14,8.24
2.08,5.13,8.22
2.08,5.12,8.25
2.07,5.11,8.24
2.08,5.12,8.23
2.08,5.14,8.22
2.08,5.12,8.22
2.07,5.12,8.25
2.08,5.12,8.22
2.08,5.12,8.22
2.07,5.10,8.24
2.07,5.13,8.26
2.07,5.13,8.23
2.08,5.12,8.23
2.09,5.12,8.22
2.08,5.13,8.25
2.08,5.11,8.23
2.09,5.11,8.21
2.08,5.13,8.23
2.07,5.11,8.24
2.09,5.12,8.23
2.07,5.12,8.23
2.07,5.12,8.20
2.08,5.11,8.23
2.08,5.13,8.23
2.08,5.15,8.24
2.08,5.12,8.23
2.09,5.11,8.25
2.08,5.12,8.24
2.07,5.12,8.23
2.08,5.14,8.23
2.08,5.11,8.24
2.07,5.10,8.23
2.08,5.14,8.25
2.08,5.11,8.22
2.07,5.11,8.25
2.08,5.11,8.24
2.07,5.13,8.23
2.07,5.13,8.19
2.08,5.12,8.24
2.08,5.13,8.22
2.08,5.14,8.23
2.08,5.13,8.24
2.08,5.12,8.22
2.07,5.12,8.24
2.07,5.14,8.25
2.08,5.12,8.23
2.09,5.11,8.21
2.08,5.14,8.25
2.07,5.12,8.24
2.08,5.13,8.24
2.09,5.12,8.23
2.09,5.12,8.24
2.08,5.13,8.24
2.08,5.11,8.24
2.09,5.12,8.24
2.08,5.12,8.24
2.07,5.11,8.25
2.08,5.11,8.21
2.08,5.15,8.23
2.08,5.12,8.23
2.09,5.11,8.25
2.07,5.11,8.25
2.08,5.13,8.24
2.08,5.14,8.23
2.07,5.11,8.24
2.07,5.14,8.23
2.08,5.13,8.23
2.08,5.12,8.23
2.08,5.12,8.24
2.07,5.12,8.24
2.08,5.12,8.23
2.09,5.11,8.24
2.07,5.11,8.26
2.07,5.12,8.24
2.08,5.12,8.23
2.08,5.11,8.24
2.07,5.13,8.25
2.08,5.12,8.22
2.09,5.11,8.24
2.08,5.12,8.23
2.06,5.13,8.26
2.09,5.13,8.24
2.08,5.11,8.21
2.07,5.11,8.23
2.09,5.12,8.24
2.06,5.14,8.22
2.08,5.12,8.24
2.07,5.11,8.23
2.08,5.13,8.23
2.07,5.12,8.23
2.08,5.12,8.24
2.08,5.12,8.23
2.09,5.11,8.23
2.07,5.12,8.22
2.07,5.12,8.24
2.08,5.11,8.23
2.08,5.11,8.19
2.09,5.11,8.23
2.07,5.12,8.23
2.06,5.14,8.23
2.08,5.13,8.23
2.07,5.11,8.23
2.07,5.12,8.22
2.08,5.13,8.25
2.08,5.13,8.24
2.08,5.11,8.25
2.08,5.12,8.24
2.08,5.12,8.25
2.08,5.12,8.24
2.08,5.10,8.26
2.07,5.13,8.26
2.08,5.12,8.24
2.08,5.11,8.23
2.09,5.13,8.23
2.09,5.12,8.25
2.07,5.13,8.25
2.09,5.13,8.24
2.08,5.13,8.23
2.08,5.12,8.22
2.09,5.13,8.23
2.08,5.12,8.24
2.07,5.12,8.26
2.07,5.13,8.24
2.07,5.12,8.25
2.09,5.12,8.25
2.08,5.13,8.24
2.08,5.11,8.23
2.08,5.12,8.23
2.09,5.13,8.23
2.08,5.12,8.24
2.08,5.11,8.23
2.08,5.11,8.25
2.09,5.13,8.26
2.08,5.12,8.24
2.09,5.14,8.24
2.08,5.12,8.25
2.09,5.12,8.23
2.07,5.11,8.24
2.09,5.11,8.23
2.08,5.11,8.25
2.08,5.13,8.22
2.07,5.15,8.25
2.07,5.13,8.24
2.08,5.12,8.24
2.07,5.12,8.26
2.08,5.11,8.25
2.08,5.12,8.24
2.07,5.13,8.23
2.08,5.13,8.23
2.07,5.12,8.25
2.07,5.11,8.23
2.07,5.13,8.24
2.09,5.11,8.24
2.06,5.13,8.26
2.06,5.14,8.24
2.07,5.11,8.25
2.07,5.12,8.21
2.08,5.12,8.23
2.07,5.14,8.25
2.08,5.12,8.20
2.08,5.13,8.23
2.09,5.13,8.23
2.08,5.12,8.23
2.07,5.12,8.22
2.07,5.12,8.25
2.08,5.12,8.24
2.08,5.13,8.24
2.08,5.13,8.23
2.08,5.12,8.25
2.09,5.12,8.23
2.08,5.12,8.22
2.08,5.12,8.22
2.07,5.12,8.23
2.07,5.13,8.24
2.08,5.13,8.22
2.08,5.14,8.25
2.09,5.13,8.22
2.09,5.12,8.23
2.07,5.10,8.24
2.08,5.12,8.24
2.08,5.11,8.25
2.09,5.13,8.24
2.08,5.12,8.23
2.08,5.13,8.24
2.07,5.12,8.23
2.08,5.12,8.25
2.08,5.12,8.23
2.08,5.13,8.23
2.08,5.13,8.23
2.07,5.12,8.24
2.08,5.12,8.25
2.08,5.11,8.24
2.08,5.12,8.24
2.08,5.13,8.22
2.08,5.14,8.23
2.08,5.12,8.24
2.07,5.13,8.24
2.08,5.11,8.26
2.07,5.12,8.23
2.09,5.13,8.23
2.09,5.12,8.23
2.08,5.11,8.26
2.07,5.13,8.23
2.08,5.13,8.24
2.08,5.12,8.26
2.07,5.12,8.22
2.07,5.13,8.22
2.07,5.13,8.22
2.07,5.12,8.24
2.07,5.13,8.24
2.06,5.12,8.23
2.09,5.12,8.23
2.07,5.10,8.23
2.08,5.12,8.23
2.08,5.12,8.23
2.07,5.12,8.23
2.10,5.13,8.22
2.08,5.12,8.26
2.07,5.13,8.24
2.08,5.11,8.23
2.09,5.11,8.23
2.08,5.12,8.22
2.08,5.11,8.24
2.08,5.11,8.25
2.07,5.12,8.22
2.08,5.13,8.25
2.08,5.12,8.25
2.07,5.12,8.23
2.08,5.12,8.24
2.08,5.13,8.25
2.08,5.13,8.26
2.07,5.13,8.25
2.08,5.13,8.24
2.09,5.12,8.24
2.08,5.12,8.23
2.07,5.11,8.24
2.07,5.12,8.23
2.08,5.13,8.23
2.09,5.12,8.25
2.07,5.15,8.24
2.08,5.13,8.24
2.09,5.10,8.21
2.08,5.12,8.24
2.08,5.12,8.23
2.08,5.12,8.24
2.07,5.11,8.23
2.06,5.12,8.22
2.07,5.12,8.23
2.08,5.11,8.23
2.10,5.13,8.22
2.08,5.12,8.22
2.08,5.13,8.23
2.07,5.13,8.22
2.08,5.13,8.23
2.07,5.12,8.23
2.08,5.10,8.24
2.08,5.13,8.24
2.07,5.14,8.25
2.09,5.14,8.24
2.08,5.11,8.23
2.08,5.13,8.25
2.07,5.14,8.24
2.09,5.13,8.23
2.08,5.11,8.25
2.08,5.10,8.25
2.08,5.12,8.24
2.07,5.13,8.23
2.09,5.14,8.22
2.07,5.14,8.24
2.07,5.13,8.23
2.08,5.11,8.24
2.08,5.10,8.24
2.08,5.13,8.23
2.07,5.13,8.23
2.08,5.13,8.23
2.08,5.14,8.25
2.08,5.10,8.24
2.08,5.11,8.23
2.09,5.14,8.22
2.08,5.15,8.24
2.07,5.13,8.23
2.08,5.09,8.22
2.08,5.13,8.24
2.09,5.15,8.22
2.09,5.12,8.23
2.08,5.12,8.23
2.08,5.13,8.23
2.07,5.13,8.23
2.08,5.09,8.25
2.06,5.10,8.25
2.07,5.14,8.22
2.08,5.16,8.22
2.09,5.13,8.23
2.08,5.11,8.24
2.06,5.13,8.24
2.08,5.11,8.25
2.09,5.11,8.24
2.08,5.14,8.24
2.07,5.13,8.23
2.08,5.12,8.24
2.08,5.12,8.24
2.08,5.14,8.23
2.09,5.14,8.21
2.08,5.11,8.24
2.08,5.13,8.22
2.08,5.13,8.25
2.08,5.12,8.21
2.08,5.15,8.22
2.08,5.14,8.25
2.08,5.12,8.22
2.08,5.12,8.26
2.08,5.14,8.24
2.09,5.13,8.23
2.09,5.13,8.22
2.08,5.12,8.21
2.07,5.14,8.24
2.08,5.12,8.24
2.09,5.10,8.22
2.07,5.13,8.25
2.08,5.14,8.22
2.07,5.14,8.23
2.08,5.12,8.23
2.09,5.10,8.22
2.07,5.12,8.24
2.08,5.13,8.24
2.09,5.14,8.24
2.09,5.13,8.23
2.08,5.13,8.24
2.07,5.13,8.24
2.09,5.12,8.23
2.08,5.12,8.24
2.09,5.12,8.23
2.08,5.14,8.24
2.08,5.14,8.24
2.08,5.12,8.22
2.09,5.11,8.23
2.08,5.11,8.24
2.08,5.12,8.23
2.08,5.13,8.24
2.08,5.13,8.23
2.08,5.11,8.23
2.08,5.12,8.25
2.08,5.12,8.24
2.08,5.14,8.23
2.09,5.10,8.21
2.08,5.14,8.24
2.07,5.12,8.20
2.09,5.14,8.22
2.07,5.11,8.24
2.08,5.12,8.24
2.09,5.11,8.24
2.08,5.12,8.26
2.07,5.11,8.23
2.08,5.13,8.25
2.09,5.13,8.24
2.07,5.15,8.23
2.09,5.12,8.21
2.07,5.11,8.25
2.08,5.10,8.23
2.08,5.12,8.22
2.07,5.15,8.25
2.08,5.14,8.24
2.08,5.13,8.23
2.08,5.12,8.21
2.09,5.12,8.24
2.08,5.13,8.23
2.08,5.12,8.24
2.08,5.11,8.23
2.08,5.12,8.22
2.08,5.11,8.22
2.08,5.12,8.25
2.08,5.11,8.23
2.09,5.12,8.24
2.08,5.13,8.24
2.07,5.14,8.24
2.08,5.12,8.23
2.09,5.11,8.24
2.08,5.13,8.20
2.08,5.12,8.24
2.08,5.11,8.23
2.08,5.12,8.22
2.07,5.15,8.22
2.09,5.09,8.25
2.06,5.15,8.21
2.09,5.11,8.21
2.08,5.13,8.25
2.07,5.11,8.21
2.08,5.14,8.23
2.07,5.13,8.21
2.09,5.15,8.24
2.09,5.12,8.22
2.08,5.13,8.25
2.08,5.14,8.25
2.08,5.13,8.23
2.08,5.14,8.23
2.08,5.15,8.22
2.09,5.17,8.20
2.08,5.11,8.21
2.08,5.11,8.23
2.09,5.11,8.23
2.09,5.15,8.24
2.07,5.17,8.22
2.10,5.19,8.21
2.09,5.12,8.20
2.10,5.14,8.24
2.07,5.09,8.26
2.08,5.16,8.21
2.11,5.28,8.25
2.06,5.36,8.28
2.08,5.17,8.31
2.14,5.08,7.91
2.00,5.30,8.43
2.12,5.11,8.09
2.07,5.30,8.31
2.08,5.15,8.20
2.17,5.09,8.18
2.05,5.25,8.32
2.12,5.14,8.17
2.08,5.17,8.15
2.10,5.13,8.14
2.13,5.06,8.19
2.07,5.18,8.28
2.09,5.15,8.23
2.09,5.19,8.16
2.11,5.15,8.15
2.09,5.13,8.21
2.09,5.18,8.29
2.10,5.12,8.22
2.09,5.16,8.23
2.10,5.20,8.19
2.09,5.18,8.17
2.09,5.15,8.19
2.10,5.12,8.22
2.11,5.13,8.22
2.09,5.14,8.23
2.08,5.20,8.24
2.09,5.17,8.19
2.11,5.18,8.17
2.09,5.17,8.21
2.09,5.12,8.22
2.08,5.14,8.22
2.10,5.15,8.22
2.10,5.13,8.19
2.10,5.17,8.19
2.08,5.18,8.20
2.09,5.22,8.23
2.09,5.15,8.20
2.10,5.11,8.20
2.09,5.11,8.18
2.09,5.15,8.22
2.09,5.16,8.18
2.09,5.21,8.21
2.10,5.18,8.18
2.09,5.16,8.17
2.09,5.12,8.26
2.08,5.11,8.25
2.09,5.17,8.23
2.10,5.16,8.18
2.09,5.22,8.19
2.09,5.15,8.21
2.08,5.18,8.20
2.10,5.20,8.20
2.10,5.13,8.16
2.10,5.13,8.19
2.09,5.19,8.23
2.07,5.18,8.26
2.09,5.12,8.29
2.11,5.15,8.21
2.11,5.22,8.19
2.13,5.15,8.11
2.12,5.20,8.13
2.10,5.22,8.18
2.10,5.14,8.19
2.11,5.12,8.21
2.09,5.13,8.23
2.08,5.26,8.26
2.07,5.19,8.25
2.09,5.11,8.23
2.10,5.13,8.15
2.10,5.17,8.19
2.11,5.21,8.15
2.09,5.18,8.19
2.09,5.14,8.24
2.10,5.15,8.24
2.11,5.14,8.20
2.09,5.16,8.21
2.10,5.18,8.22
2.11,5.15,8.19
2.11,5.19,8.19
2.10,5.18,8.18
2.09,5.11,8.24
2.07,5.14,8.21
2.09,5.15,8.20
2.09,5.15,8.22
2.10,5.14,8.20
2.09,5.21,8.18
2.11,5.17,8.20
2.09,5.17,8.19
2.09,5.14,8.20
2.09,5.13,8.27
2.08,5.12,8.26
2.09,5.21,8.21
2.09,5.18,8.19
2.10,5.15,8.15
2.09,5.14,8.21
2.09,5.15,8.22
2.09,5.15,8.26
2.09,5.11,8.20
2.08,5.16,8.21
2.09,5.17,8.23
2.09,5.18,8.20
2.09,5.17,8.20
2.11,5.15,8.19
2.10,5.16,8.23
2.09,5.16,8.24
2.09,5.12,8.22
2.08,5.13,8.21
2.09,5.13,8.21
2.09,5.17,8.23
2.11,5.13,8.21
2.10,5.15,8.20
2.09,5.16,8.19
2.10,5.15,8.22
2.08,5.13,8.24
2.09,5.15,8.25
2.10,5.15,8.22
2.09,5.15,8.21
2.11,5.14,8.20
2.09,5.15,8.22
2.11,5.18,8.20
2.08,5.19,8.20
2.09,5.17,8.20
2.09,5.15,8.23
2.09,5.15,8.25
2.09,5.15,8.23
2.09,5.17,8.22
2.10,5.20,8.20
2.10,5.18,8.20
2.10,5.15,8.23
2.09,5.11,8.20
2.07,5.16,8.21
2.09,5.15,8.24
2.11,5.18,8.23
2.10,5.14,8.22
2.09,5.15,8.15
2.08,5.16,8.19
2.10,5.16,8.19
2.09,5.15,8.23
2.09,5.18,8.24
2.08,5.14,8.23
2.09,5.13,8.22
2.09,5.14,8.25
2.09,5.14,8.23
2.09,5.17,8.22
2.12,5.15,8.15
2.10,5.20,8.22
2.09,5.13,8.18
2.09,5.15,8.21
2.09,5.14,8.17
2.09,5.14,8.22
2.10,5.13,8.26
2.09,5.16,8.21
2.08,5.20,8.22
2.09,5.17,8.20
2.10,5.16,8.20
2.08,5.18,8.20
2.08,5.16,8.21
2.10,5.13,8.23
2.09,5.13,8.25
2.10,5.13,8.24
2.10,5.22,8.21
2.10,5.20,8.15
2.09,5.16,8.19
2.09,5.12,8.21
2.10,5.12,8.22
2.09,5.16,8.22
2.09,5.17,8.22
2.10,5.16,8.25
2.09,5.21,8.22
2.11,5.19,8.20
2.11,5.13,8.21
2.10,5.15,8.20
2.09,5.18,8.25
2.08,5.18,8.24
2.10,5.20,8.22
2.10,5.14,8.19
2.10,5.14,8.24
2.09,5.16,8.22
2.09,5.16,8.20
2.10,5.16,8.20
2.10,5.13,8.19
2.09,5.16,8.21
2.09,5.17,8.21
2.10,5.15,8.20
2.09,5.14,8.20
2.10,5.13,8.22
2.10,5.16,8.23
2.09,5.19,8.20
2.10,5.15,8.20
2.10,5.16,8.21
2.09,5.18,8.22
2.08,5.19,8.21
2.10,5.14,8.21
2.11,5.12,8.19
2.09,5.15,8.22
2.10,5.17,8.22
2.09,5.17,8.21
2.08,5.16,8.20
2.09,5.14,8.20
2.09,5.17,8.20
2.09,5.13,8.23
2.09,5.16,8.20
2.10,5.19,8.19
2.09,5.19,8.21
2.10,5.17,8.21
2.10,5.13,8.22
2.08,5.13,8.20
2.09,5.15,8.23
2.09,5.18,8.20
2.09,5.17,8.19
2.09,5.15,8.22
2.09,5.13,8.22
2.09,5.16,8.24
2.09,5.16,8.23
2.10,5.14,8.20
2.09,5.18,8.20
2.09,5.16,8.21
2.09,5.17,8.20
2.10,5.15,8.19
2.09,5.17,8.23
2.08,5.15,8.22
2.10,5.15,8.21
2.09,5.16,8.23
2.10,5.18,8.23
2.09,5.16,8.19
2.09,5.16,8.20
2.09,5.15,8.19
2.08,5.16,8.21
2.10,5.14,8.20
2.09,5.15,8.22
2.08,5.19,8.21
2.10,5.16,8.20
2.07,5.11,8.25
2.10,5.14,8.19
2.09,5.15,8.21
2.09,5.15,8.22
2.09,5.13,8.21
2.08,5.19,8.23
2.09,5.20,8.20
2.10,5.16,8.20
2.09,5.12,8.23
2.09,5.11,8.26
2.08,5.14,8.21
2.09,5.15,8.19
2.08,5.15,8.21
2.09,5.16,8.25
2.09,5.17,8.23
2.09,5.16,8.19
2.10,5.15,8.16
2.11,5.16,8.18
2.10,5.15,8.21
2.09,5.13,8.23
2.08,5.14,8.24
2.08,5.13,8.23
2.10,5.13,8.23
2.08,5.15,8.20
2.07,5.20,8.20
2.09,5.20,8.19
2.11,5.17,8.20
2.10,5.13,8.20
2.09,5.18,8.24
2.10,5.17,8.23
2.09,5.13,8.21
2.09,5.16,8.21
2.11,5.19,8.17
2.10,5.15,8.21
2.09,5.12,8.22
2.09,5.21,8.22
2.10,5.16,8.22
2.10,5.13,8.23
2.10,5.18,8.20
2.10,5.19,8.20
2.11,5.17,8.16
2.10,5.18,8.20
2.09,5.19,8.23
2.07,5.13,8.22
2.10,5.15,8.21
2.07,5.16,8.20
2.10,5.15,8.21
2.11,5.15,8.20
2.09,5.18,8.20
2.10,5.17,8.20
2.10,5.18,8.19
2.10,5.16,8.17
2.09,5.16,8.22
2.09,5.16,8.24
2.09,5.13,8.25
2.10,5.15,8.19
2.10,5.18,8.20
2.10,5.18,8.20
2.11,5.16,8.19
2.09,5.18,8.21
2.09,5.15,8.21
2.07,5.13,8.22
2.08,5.14,8.22
2.09,5.15,8.22
2.09,5.16,8.21
2.09,5.17,8.20
2.09,5.16,8.19
2.08,5.17,8.20
2.10,5.15,8.20
2.09,5.15,8.20
2.08,5.15,8.21
2.08,5.15,8.24
2.10,5.17,8.21
2.10,5.15,8.20
2.09,5.16,8.21
2.09,5.15,8.21
2.10,5.14,8.20
2.09,5.15,8.20
2.09,5.14,8.20
2.09,5.16,8.22
2.10,5.15,8.21
2.10,5.16,8.20
2.08,5.17,8.21
2.10,5.15,8.21
2.07,5.15,8.20
2.09,5.17,8.22
2.09,5.15,8.24
2.10,5.16,8.21
2.10,5.16,8.19
2.09,5.17,8.18
2.09,5.16,8.22
2.09,5.15,8.20
2.09,5.15,8.20
2.10,5.16,8.20
2.09,5.17,8.19
2.09,5.15,8.20
2.09,5.15,8.19
2.09,5.16,8.20
2.09,5.15,8.21
2.08,5.17,8.21
2.09,5.18,8.20
2.11,5.15,8.19
2.09,5.18,8.20
2.10,5.16,8.19
2.09,5.14,8.19
2.09,5.17,8.21
2.09,5.16,8.20
2.10,5.16,8.20
2.09,5.17,8.19
2.10,5.15,8.20
2.09,5.17,8.20
2.09,5.15,8.22
2.10,5.16,8.21
2.09,5.18,8.21
2.10,5.17,8.20
2.09,5.18,8.20
2.09,5.16,8.21
2.11,5.13,8.19
2.09,5.18,8.22
2.11,5.17,8.21
2.08,5.16,8.19
2.09,5.18,8.20
2.11,5.11,8.20
2.09,5.16,8.24
2.09,5.17,8.20
2.09,5.15,8.21
2.09,5.18,8.21
2.10,5.14,8.18
2.10,5.19,8.22
2.09,5.15,8.20
2.09,5.15,8.22
2.10,5.18,8.22
2.11,5.18,8.22
2.11,5.19,8.22
2.09,5.11,8.18
2.08,5.17,8.19
2.11,5.17,8.20
2.09,5.13,8.22
2.09,5.17,8.19
2.09,5.14,8.24
2.09,5.20,8.24
2.10,5.15,8.21
2.10,5.14,8.20
2.10,5.15,8.20
2.11,5.16,8.20
2.09,5.13,8.21
2.09,5.15,8.26
2.10,5.18,8.20
2.10,5.16,8.17
2.07,5.16,8.23
2.08,5.16,8.21
2.10,5.14,8.22
2.08,5.15,8.23
2.09,5.16,8.22
2.07,5.15,8.22
2.10,5.15,8.20
2.08,5.16,8.22
2.10,5.14,8.21
2.09,5.15,8.20
2.09,5.14,8.20
2.10,5.16,8.21
2.09,5.15,8.18
2.08,5.14,8.21
2.09,5.14,8.22
2.09,5.15,8.20
2.09,5.16,8.22
2.09,5.16,8.22
2.09,5.14,8.21
2.09,5.15,8.22
2.09,5.18,8.21
2.09,5.17,8.22
2.09,5.14,8.20
2.08,5.12,8.21
2.09,5.15,8.22
2.09,5.17,8.20
2.10,5.16,8.20
2.08,5.19,8.15
2.10,5.10,8.15
2.07,5.03,8.24
2.09,5.24,8.25
2.11,5.18,8.14
2.08,5.16,8.22
2.09,5.19,8.22
2.10,5.12,8.21
2.08,5.18,8.24
2.08,5.17,8.21
2.09,5.14,8.18
2.09,5.16,8.22
2.09,5.16,8.22
2.09,5.15,8.22
2.09,5.12,8.20
2.09,5.16,8.21
2.10,5.16,8.19
2.09,5.14,8.21
2.10,5.17,8.23
2.09,5.17,8.23
2.09,5.14,8.20
2.10,5.13,8.22
2.09,5.15,8.23
2.09,5.15,8.20
2.10,5.16,8.21
2.08,5.15,8.23
2.09,5.14,8.20
2.08,5.15,8.23
2.09,5.20,8.18
2.10,5.16,8.20
2.10,5.12,8.22
2.09,5.13,8.23
2.10,5.15,8.21
2.09,5.17,8.20
2.10,5.15,8.20
2.10,5.17,8.20
2.10,5.15,8.20
2.09,5.14,8.23
2.09,5.15,8.23
2.09,5.14,8.22
2.10,5.18,8.17
2.09,5.17,8.22
2.09,5.13,8.24
2.09,5.15,8.23
2.09,5.14,8.20
2.07,5.18,8.21
2.10,5.15,8.20
2.10,5.13,8.21
2.09,5.11,8.26
2.09,5.21,8.20
2.09,5.11,8.20
2.09,5.17,8.22
2.09,5.18,8.20
2.09,5.15,8.22
2.08,5.12,8.24
2.09,5.18,8.19
2.10,5.17,8.17
2.10,5.16,8.18
2.09,5.13,8.23
2.09,5.11,8.23
2.06,5.18,8.25
2.08,5.13,8.18
2.09,5.15,8.22
2.08,5.16,8.22
2.08,5.13,8.22
2.07,5.17,8.26
2.10,5.12,8.22
2.08,5.17,8.25
2.09,5.19,8.17
2.08,5.20,8.22
2.08,5.14,8.21
2.09,5.12,8.23
2.10,5.13,8.21
2.10,5.15,8.20
2.10,5.19,8.25
2.08,5.16,8.17
2.09,5.15,8.23
2.08,5.17,8.20
2.08,5.13,8.20
2.09,5.16,8.20
2.10,5.16,8.22
2.09,5.14,8.20
2.07,5.13,8.23
2.10,5.14,8.21
2.09,5.20,8.21
2.11,5.10,8.17
2.10,5.13,8.23
2.10,5.16,8.23
2.08,5.13,8.20
2.09,5.17,8.20
2.10,5.15,8.19
2.10,5.17,8.21
2.09,5.18,8.20
2.09,5.14,8.24
2.09,5.13,8.21
2.10,5.18,8.18
2.09,5.15,8.18
2.10,5.16,8.22
2.09,5.15,8.21
2.09,5.12,8.20
2.08,5.15,8.23
2.11,5.15,8.20
2.09,5.15,8.22
2.09,5.17,8.22
2.08,5.16,8.23
2.10,5.15,8.21
2.07,5.15,8.23
2.09,5.15,8.19
2.08,5.16,8.19
2.09,5.15,8.20
2.09,5.14,8.20
2.10,5.15,8.23
2.09,5.16,8.22
2.09,5.17,8.21
2.09,5.17,8.21
2.13,5.09,8.37
2.09,5.15,8.16
2.09,5.34,8.32
2.10,5.13,8.20
2.09,5.16,8.16
2.10,5.10,8.19
2.08,5.13,8.19
2.05,5.26,8.28
2.12,5.08,8.19
2.07,5.20,8.24
2.10,5.20,8.18
2.09,5.15,8.17
2.07,5.14,8.25
2.08,5.14,8.24
2.09,5.24,8.21
2.10,5.18,8.19
2.08,5.14,8.18
2.09,5.14,8.22
2.08,5.13,8.21
2.08,5.17,8.24
2.10,5.14,8.20
2.09,5.19,8.19
2.09,5.24,8.19
2.10,5.08,8.22
2.07,5.18,8.25
2.09,5.17,8.22
2.08,5.20,8.21
2.11,5.15,8.21
2.10,5.12,8.20
2.08,5.16,8.23
2.09,5.16,8.22
2.10,5.14,8.20
2.08,5.15,8.22
2.09,5.14,8.22
2.11,5.16,8.24
2.08,5.16,8.23
2.08,5.14,8.18
2.09,5.17,8.22
2.09,5.15,8.21
2.10,5.15,8.18
2.09,5.18,8.23
2.09,5.13,8.23
2.08,5.15,8.21
2.08,5.17,8.20
2.09,5.21,8.25
2.11,5.10,8.28
2.07,5.32,8.30
2.09,5.15,8.16
2.09,5.12,8.15
2.06,5.16,8.23
2.11,5.09,8.18
2.05,5.23,8.27
2.10,5.13,8.21
2.09,5.15,8.21
2.09,5.17,8.21
2.09,5.19,8.20
2.08,5.17,8.26
2.08,5.10,8.19
2.08,5.22,8.20
2.10,5.17,8.20
2.09,5.15,8.20
2.08,5.17,8.24
2.11,5.14,8.21
2.09,5.13,8.19
2.09,5.15,8.20
2.09,5.17,8.17
2.09,5.14,8.21
2.09,5.14,8.19
2.09,5.16,8.21
2.10,5.12,8.22
2.08,5.19,8.21
2.08,5.15,8.20
2.10,5.14,8.19
2.07,5.15,8.24
2.09,5.13,8.19
2.10,5.14,8.19
2.09,5.16,8.22
2.08,5.17,8.22
2.08,5.17,8.20
2.10,5.13,8.22
2.08,5.13,8.22
2.09,5.15,8.21
2.08,5.16,8.21
2.09,5.18,8.22
2.11,5.17,8.22
2.09,5.13,8.21
2.09,5.16,8.20
2.05,5.14,8.26
2.15,5.05,8.24
2.04,5.39,8.30
2.09,5.12,8.12
2.08,5.15,8.17
2.08,5.14,8.24
2.12,5.06,8.23
2.05,5.22,8.29
2.12,5.11,8.15
2.08,5.14,8.22
2.08,5.19,8.22
2.10,5.17,8.19
2.09,5.13,8.21
2.08,5.12,8.25
2.09,5.20,8.21
2.11,5.15,8.18
2.09,5.16,8.22
2.09,5.15,8.22
2.08,5.15,8.22
2.09,5.17,8.22
2.09,5.15,8.19
2.10,5.17,8.21
2.09,5.18,8.20
2.09,5.13,8.21
2.08,5.16,8.22
2.09,5.15,8.20
2.09,5.15,8.19
2.10,5.14,8.22
2.11,5.18,8.18
2.09,5.17,8.23
2.09,5.16,8.20
2.10,5.18,8.22
2.10,5.13,8.22
2.09,5.14,8.23
2.10,5.18,8.21
2.08,5.13,8.20
2.08,5.19,8.21
2.09,5.14,8.19
2.09,5.16,8.22
2.10,5.18,8.23
2.10,5.16,8.19
2.08,5.17,8.23
2.09,5.15,8.18
2.09,5.17,8.23
2.09,5.19,8.23
2.10,5.15,8.20
2.07,5.14,8.21
2.09,5.14,8.21
2.10,5.16,8.17
2.10,5.15,8.21
2.08,5.17,8.22
2.09,5.15,8.20
2.09,5.17,8.19
2.08,5.16,8.22
2.09,5.16,8.20
2.09,5.15,8.21
2.09,5.15,8.22
2.10,5.15,8.21
2.09,5.15,8.21
2.08,5.17,8.21
2.10,5.15,8.21
2.10,5.16,8.20
2.08,5.15,8.22
2.09,5.15,8.22
2.10,5.17,8.21
2.10,5.14,8.20
2.10,5.16,8.22
2.09,5.16,8.22
2.09,5.16,8.19
2.09,5.15,8.21
2.09,5.15,8.20
2.09,5.16,8.20
2.09,5.16,8.21
2.09,5.16,8.22
2.11,5.17,8.20
2.09,5.16,8.24
2.09,5.18,8.19
2.10,5.17,8.20
2.08,5.15,8.24
2.10,5.16,8.20
2.09,5.15,8.21
2.09,5.16,8.21
2.10,5.16,8.23
2.09,5.15,8.22
2.09,5.18,8.20
2.09,5.15,8.19
2.09,5.16,8.22
2.09,5.15,8.22
2.09,5.17,8.22
2.09,5.18,8.20
2.09,5.15,8.21
2.08,5.15,8.23
2.09,5.18,8.23
2.10,5.15,8.17
2.09,5.16,8.20
2.09,5.16,8.23
2.09,5.15,8.21
2.10,5.16,8.22
2.10,5.18,8.18
2.09,5.16,8.19
2.09,5.17,8.22
2.09,5.15,8.21
2.09,5.15,8.22
2.10,5.18,8.21
2.09,5.15,8.20
2.09,5.16,8.20
2.09,5.17,8.22
2.10,5.14,8.20
2.09,5.14,8.21
2.09,5.18,8.20
2.10,5.14,8.20
2.09,5.15,8.21
2.10,5.17,8.25
2.08,5.21,8.21
2.09,5.14,8.21
2.09,5.14,8.20
2.09,5.20,8.23
2.09,5.15,8.24
2.08,5.18,8.24
2.10,5.16,8.22
2.10,5.15,8.23
2.08,5.18,8.21
2.09,5.16,8.19
2.09,5.12,8.19
2.09,5.19,8.21
2.07,5.22,8.21
2.10,5.13,8.16
2.09,5.15,8.24
2.09,5.16,8.22
2.09,5.12,8.21
2.09,5.15,8.19
2.10,5.19,8.17
2.09,5.17,8.23
2.09,5.13,8.20
2.09,5.16,8.24
2.09,5.17,8.21
2.10,5.17,8.18
2.11,5.18,8.18
2.10,5.15,8.22
2.10,5.17,8.20
2.09,5.15,8.23
2.09,5.15,8.20
2.09,5.15,8.20
2.10,5.16,8.21
2.09,5.15,8.17
2.09,5.17,8.20
2.09,5.18,8.20
2.10,5.15,8.23
2.10,5.14,8.20
2.09,5.15,8.17
2.09,5.20,8.19
2.11,5.17,8.20
2.09,5.13,8.24
2.09,5.16,8.22
2.10,5.18,8.17
2.12,5.15,8.18
2.09,5.19,8.20
2.10,5.15,8.23
2.09,5.17,8.26
2.11,5.17,8.21
2.09,5.16,8.19
2.08,5.16,8.17
2.10,5.17,8.17
2.09,5.15,8.21
2.10,5.15,8.21
2.09,5.16,8.19
2.11,5.16,8.21
2.11,5.15,8.21
2.09,5.16,8.22
2.09,5.17,8.21
2.10,5.17,8.20
2.09,5.17,8.21
2.10,5.14,8.20
2.10,5.15,8.16
2.08,5.16,8.19
2.07,5.15,8.20
2.09,5.14,8.21
2.09,5.14,8.23
2.09,5.18,8.21
2.09,5.17,8.23
2.10,5.18,8.22
2.09,5.16,8.20
2.09,5.15,8.21
2.09,5.13,8.22
2.11,5.19,8.22
2.09,5.15,8.21
2.07,5.17,8.18
2.10,5.12,8.17
2.08,5.12,8.25
2.09,5.18,8.21
2.09,5.15,8.21
2.09,5.18,8.25
2.08,5.18,8.22
2.10,5.16,8.20
2.10,5.16,8.24
2.08,5.18,8.21
2.10,5.16,8.20
2.09,5.15,8.19
2.09,5.17,8.21
2.10,5.18,8.18
2.09,5.15,8.20
2.08,5.15,8.23
2.10,5.14,8.22
2.10,5.16,8.17
2.08,5.21,8.22
2.10,5.11,8.22
2.10,5.15,8.21
2.09,5.11,8.17
2.10,5.16,8.21
2.10,5.20,8.16
2.09,5.15,8.21
2.07,5.18,8.23
2.09,5.15,8.17
2.08,5.16,8.21
2.09,5.15,8.21
2.11,5.15,8.17
2.09,5.16,8.20
2.09,5.18,8.22
2.10,5.14,8.20
2.09,5.16,8.21
2.09,5.16,8.22
2.10,5.16,8.18
2.10,5.18,8.21
2.10,5.18,8.20
2.09,5.14,8.21
2.10,5.17,8.21
2.09,5.16,8.19
2.09,5.18,8.20
2.08,5.15,8.19
2.09,5.16,8.22
2.08,5.13,8.21
2.09,5.16,8.21
2.10,5.17,8.20
2.10,5.17,8.23
2.10,5.17,8.20
2.07,5.16,8.21
2.10,5.12,8.19
2.09,5.19,8.22
2.09,5.17,8.20
2.09,5.16,8.20
2.09,5.15,8.22
2.10,5.15,8.20
2.09,5.16,8.20
2.10,5.17,8.21
2.09,5.15,8.22
2.08,5.17,8.21
2.09,5.16,8.20
2.09,5.16,8.20
2.09,5.15,8.22
2.09,5.19,8.18
2.08,5.14,8.21
2.09,5.15,8.23
2.09,5.15,8.20
2.09,5.20,8.20
2.09,5.16,8.20
2.09,5.18,8.18
2.10,5.14,8.21
2.09,5.15,8.19
2.09,5.19,8.21
2.10,5.13,8.23
2.10,5.16,8.20
2.10,5.20,8.18
2.10,5.15,8.20
2.07,5.14,8.23
2.09,5.12,8.23
2.08,5.20,8.24
2.10,5.17,8.17
2.11,5.15,8.20
2.07,5.17,8.21
2.11,5.14,8.19
2.09,5.20,8.24
2.09,5.17,8.21
2.10,5.17,8.20
2.09,5.18,8.20
2.10,5.14,8.20
2.09,5.14,8.22
2.10,5.18,8.18
2.09,5.20,8.21
2.10,5.17,8.16
2.09,5.10,8.22
2.08,5.17,8.22
2.11,5.17,8.21
2.09,5.19,8.20
2.10,5.19,8.19
2.10,5.19,8.21
2.10,5.16,8.19
2.09,5.14,8.22
2.10,5.14,8.24
2.10,5.18,8.20
2.10,5.19,8.17
2.09,5.14,8.21
2.09,5.17,8.22
2.09,5.15,8.20
2.09,5.17,8.22
2.10,5.16,8.18
2.09,5.18,8.20
2.09,5.17,8.21
2.10,5.18,8.20
2.10,5.14,8.23
2.10,5.15,8.20
2.09,5.20,8.21
2.11,5.15,8.17
2.09,5.15,8.21
2.08,5.15,8.23
2.09,5.15,8.19
2.09,5.16,8.22
2.10,5.15,8.20
2.09,5.15,8.22
2.09,5.13,8.21
2.09,5.15,8.17
2.08,5.18,8.22
2.10,5.16,8.22
2.11,5.15,8.22
2.09,5.18,8.23
2.09,5.13,8.18
2.09,5.13,8.19
2.09,5.14,8.24
2.09,5.20,8.20
2.11,5.17,8.18
2.08,5.13,8.23
2.09,5.17,8.21
2.11,5.15,8.19
2.09,5.18,8.21
2.09,5.16,8.22
2.11,5.11,8.20
2.09,5.17,8.22
2.09,5.18,8.23
2.11,5.15,8.18
2.09,5.18,8.20
2.09,5.16,8.18
2.10,5.15,8.22
2.09,5.14,8.25
2.09,5.17,8.25
2.10,5.19,8.17
2.12,5.23,8.18
2.10,5.15,8.17
2.10,5.12,8.22
2.10,5.14,8.21
2.08,5.17,8.24
2.09,5.18,8.20
2.11,5.13,8.15
2.09,5.13,8.23
2.08,5.15,8.23
2.09,5.10,8.26
2.10,5.07,8.15
2.06,5.19,8.25
2.10,5.13,8.21
2.05,5.15,8.26
2.09,5.07,8.24
2.08,5.23,8.26
2.11,5.03,8.22
2.10,5.03,8.22
2.08,5.17,8.21
2.09,5.13,8.19
2.08,5.12,8.27
2.09,5.10,8.28
2.09,5.11,8.25
2.08,5.17,8.18
2.09,5.16,8.23
2.09,5.09,8.23
2.08,5.14,8.29
2.07,5.13,8.25
2.08,5.14,8.20
2.09,5.15,8.22
2.08,5.14,8.23
2.07,5.14,8.25
2.08,5.12,8.23
2.08,5.15,8.26
2.09,5.16,8.21
2.10,5.14,8.19
2.09,5.11,8.22
2.08,5.13,8.28
2.08,5.19,8.23
2.09,5.15,8.18
2.10,5.16,8.22
2.08,5.15,8.22
2.09,5.14,8.24
2.08,5.14,8.24
2.08,5.10,8.23
2.09,5.11,8.21
2.09,5.17,8.20
2.09,5.16,8.20
2.07,5.13,8.22
2.08,5.12,8.26
2.08,5.11,8.24
2.09,5.14,8.21
2.08,5.15,8.21
2.09,5.13,8.22
2.08,5.13,8.24
2.08,5.13,8.23
2.10,5.13,8.24
2.09,5.15,8.23
2.09,5.16,8.20
2.08,5.12,8.23
2.08,5.12,8.25
2.09,5.13,8.24
2.08,5.15,8.20
2.09,5.13,8.22
2.08,5.14,8.24
2.07,5.13,8.24
2.09,5.12,8.24
2.08,5.14,8.22
2.07,5.14,8.22
2.08,5.13,8.22
2.08,5.12,8.24
2.08,5.15,8.21
2.08,5.14,8.23
2.08,5.13,8.23
2.09,5.15,8.21
2.09,5.16,8.25
2.09,5.12,8.24
2.10,5.13,8.22
2.07,5.15,8.22
2.09,5.14,8.20
2.09,5.14,8.22
2.08,5.14,8.23
2.08,5.15,8.24
2.08,5.15,8.26
2.08,5.13,8.23
2.09,5.14,8.23
2.08,5.15,8.25
2.10,5.14,8.22
2.09,5.12,8.24
2.08,5.12,8.22
2.09,5.14,8.21
2.09,5.14,8.21
2.09,5.13,8.20
2.09,5.14,8.23
2.09,5.14,8.21
2.09,5.14,8.24
2.09,5.15,8.22
2.09,5.13,8.21
2.08,5.12,8.22
2.08,5.15,8.23
2.09,5.13,8.22
2.09,5.13,8.23
2.08,5.15,8.24
2.08,5.13,8.25
2.09,5.13,8.21
2.09,5.13,8.24
2.08,5.15,8.23
2.09,5.12,8.21
2.08,5.15,8.23
2.09,5.14,8.22
2.09,5.13,8.24
2.08,5.13,8.22
2.07,5.14,8.24
2.09,5.13,8.22
2.07,5.15,8.23
2.08,5.15,8.22
2.08,5.13,8.23
2.08,5.12,8.23
2.09,5.15,8.24
2.09,5.13,8.22
2.09,5.10,8.23
2.07,5.14,8.23
2.09,5.16,8.22
2.09,5.11,8.21
2.08,5.15,8.24
2.09,5.14,8.21
2.09,5.15,8.23
2.09,5.13,8.24
2.09,5.09,8.24
2.07,5.15,8.24
2.09,5.16,8.21
2.09,5.15,8.22
2.09,5.16,8.23
2.09,5.13,8.23
2.08,5.13,8.23
2.07,5.12,8.23
2.10,5.12,8.20
2.09,5.15,8.23
2.08,5.12,8.20
2.08,5.12,8.22
2.08,5.12,8.22
2.09,5.17,8.21
2.09,5.13,8.23
2.08,5.13,8.25
2.07,5.14,8.24
2.08,5.13,8.23
2.08,5.14,8.22
2.08,5.13,8.24
2.08,5.14,8.23
2.08,5.14,8.22
2.07,5.14,8.23
2.09,5.12,8.23
2.09,5.13,8.22
2.08,5.16,8.22
2.08,5.13,8.22
2.08,5.15,8.23
2.08,5.14,8.23
2.08,5.13,8.24
2.09,5.14,8.23
2.08,5.15,8.21
2.08,5.15,8.23
2.08,5.12,8.23
2.08,5.14,8.22
2.08,5.15,8.23
2.09,5.12,8.20
2.08,5.14,8.23
2.08,5.13,8.23
2.07,5.14,8.24
2.09,5.12,8.23
2.08,5.12,8.23
2.08,5.14,8.22
2.08,5.13,8.22
2.08,5.13,8.22
2.09,5.12,8.22
2.09,5.13,8.23
2.09,5.13,8.22
2.09,5.12,8.23
2.09,5.14,8.21
2.08,5.13,8.22
2.10,5.12,8.22
2.09,5.13,8.22
2.08,5.14,8.22
2.08,5.14,8.22
2.08,5.12,8.22
2.08,5.11,8.24
2.08,5.15,8.24
2.08,5.13,8.22
2.08,5.14,8.21
2.08,5.12,8.20
2.09,5.14,8.22
2.08,5.14,8.22
2.10,5.15,8.21
2.09,5.14,8.23
2.08,5.14,8.24
2.09,5.15,8.22
2.09,5.13,8.21
2.08,5.13,8.26
2.08,5.15,8.22
2.09,5.13,8.21
2.09,5.13,8.23
2.09,5.13,8.22
2.08,5.15,8.21
2.09,5.14,8.22
2.09,5.12,8.21
2.09,5.14,8.23
2.09,5.14,8.24
2.08,5.13,8.25
2.09,5.11,8.21
2.07,5.16,8.24
2.08,5.15,8.20
2.09,5.11,8.23
2.07,5.16,8.25
2.09,5.12,8.22
2.09,5.12,8.23
2.08,5.16,8.21
2.08,5.13,8.23
2.09,5.16,8.24
2.09,5.15,8.20
2.09,5.18,8.16
2.10,5.14,8.24
2.06,5.12,8.27
2.09,5.21,8.18
2.13,5.05,8.14
2.07,5.24,8.23
2.12,5.16,8.16
2.08,5.12,8.26
2.06,5.17,8.23
2.11,5.12,8.20
2.11,5.13,8.20
2.09,5.21,8.20
2.08,5.19,8.23
2.11,5.06,8.20
2.09,5.17,8.23
2.08,5.18,8.21
2.10,5.15,8.17
2.09,5.17,8.21
2.07,5.17,8.21
2.08,5.14,8.21
2.10,5.14,8.22
2.09,5.18,8.23
2.12,5.15,8.18
2.11,5.15,8.17
2.08,5.19,8.21
2.09,5.14,8.24
2.08,5.15,8.24
2.09,5.19,8.18
2.11,5.15,8.17
2.10,5.13,8.20
2.08,5.16,8.23
2.09,5.13,8.23
2.09,5.14,8.20
2.08,5.16,8.17
2.09,5.16,8.19
2.09,5.16,8.22
2.09,5.15,8.21
2.09,5.13,8.22
2.09,5.15,8.22
2.10,5.18,8.17
2.11,5.17,8.17
2.08,5.18,8.23
2.09,5.14,8.22
2.10,5.15,8.23
2.09,5.20,8.19
2.11,5.15,8.17
2.09,5.18,8.25
2.09,5.17,8.21
2.09,5.16,8.22
2.08,5.16,8.25
2.10,5.15,8.20
2.09,5.16,8.21
2.09,5.17,8.24
2.10,5.15,8.22
2.10,5.13,8.22
2.10,5.19,8.20
2.09,5.20,8.22
2.10,5.14,8.21
2.09,5.15,8.21
2.09,5.18,8.22
2.09,5.16,8.19
2.09,5.17,8.22
2.08,5.15,8.22
2.09,5.16,8.21
2.09,5.17,8.20
2.09,5.15,8.23
2.10,5.15,8.22
2.09,5.19,8.21
2.09,5.16,8.19
2.09,5.14,8.22
2.09,5.16,8.20
2.09,5.16,8.20
2.09,5.15,8.17
2.15,4.98,8.10
2.02,5.38,8.36
2.13,5.04,8.13
2.10,5.28,8.18
2.11,5.23,8.22
2.10,5.02,8.15
2.05,5.24,8.24
2.09,5.10,8.17
2.07,5.11,8.26
2.09,5.21,8.20
2.10,5.15,8.15
2.08,5.15,8.23
2.09,5.11,8.23
2.08,5.18,8.23
2.09,5.15,8.21
2.08,5.15,8.25
2.09,5.15,8.18
2.08,5.16,8.22
2.09,5.15,8.23
2.10,5.15,8.20
2.09,5.13,8.22
2.08,5.17,8.26
2.10,5.16,8.20
2.10,5.14,8.19
2.08,5.16,8.20
2.09,5.15,8.22
2.09,5.14,8.19
2.09,5.16,8.22
2.10,5.15,8.20
2.09,5.16,8.21
2.10,5.14,8.21
2.09,5.15,8.23
2.09,5.15,8.20
2.10,5.13,8.21
2.10,5.15,8.19
2.07,5.14,8.21
2.08,5.14,8.22
2.09,5.14,8.19
2.10,5.16,8.19
2.09,5.15,8.22
2.10,5.13,8.22
2.09,5.15,8.21
2.09,5.17,8.21
2.09,5.15,8.21
2.10,5.13,8.22
2.08,5.16,8.23
2.09,5.16,8.20
2.09,5.16,8.20
2.09,5.15,8.23
2.09,5.14,8.21
2.10,5.16,8.20
2.09,5.15,8.21
2.09,5.15,8.22
2.07,5.14,8.21
2.08,5.15,8.21
2.08,5.14,8.22
2.09,5.16,8.20
2.09,5.15,8.21
2.09,5.16,8.22
2.09,5.15,8.22
2.09,5.14,8.21
2.08,5.16,8.20
2.09,5.18,8.23
2.10,5.14,8.20
2.08,5.16,8.21
2.09,5.14,8.23
2.09,5.16,8.19
2.09,5.15,8.22
2.09,5.15,8.23
2.09,5.13,8.21
2.09,5.16,8.20
2.09,5.15,8.21
2.09,5.16,8.22
2.09,5.14,8.21
2.09,5.15,8.21
2.09,5.18,8.21
2.09,5.15,8.22
2.09,5.12,8.22
2.09,5.17,8.21
2.09,5.14,8.21
2.10,5.15,8.20
2.09,5.17,8.22
2.09,5.14,8.20
2.09,5.14,8.23
2.09,5.15,8.22
2.10,5.15,8.19
2.09,5.16,8.18
2.09,5.16,8.23
2.08,5.15,8.22
2.09,5.14,8.22
2.09,5.15,8.23
2.09,5.15,8.23
2.09,5.13,8.21
2.09,5.15,8.21
2.09,5.15,8.21
2.09,5.15,8.21
2.09,5.16,8.21
2.09,5.16,8.20
2.09,5.14,8.20
2.09,5.16,8.20
2.09,5.15,8.19
2.10,5.16,8.23
2.09,5.15,8.22
2.09,5.15,8.22
2.09,5.14,8.23
2.08,5.15,8.20
2.10,5.15,8.20
2.09,5.14,8.23
2.10,5.14,8.21
2.08,5.16,8.23
2.09,5.14,8.23
2.10,5.15,8.21
2.09,5.16,8.21
2.08,5.15,8.20
2.09,5.14,8.21
2.10,5.15,8.21
2.09,5.15,8.20
2.10,5.16,8.22
2.09,5.14,8.23
2.09,5.14,8.21
2.10,5.14,8.21
2.09,5.15,8.23
2.09,5.15,8.20
2.09,5.15,8.20
2.10,5.14,8.21
2.09,5.16,8.22
2.09,5.13,8.20
2.08,5.14,8.22
2.09,5.14,8.20
2.08,5.16,8.21
2.10,5.16,8.22
2.08,5.15,8.22
2.08,5.14,8.23
2.09,5.14,8.23
2.09,5.16,8.20
2.08,5.14,8.22
2.09,5.15,8.21
2.09,5.16,8.21
2.09,5.14,8.23
2.09,5.14,8.20
2.08,5.15,8.22
2.08,5.15,8.21
2.09,5.15,8.21
2.10,5.15,8.21
2.08,5.14,8.21
2.09,5.13,8.20
2.09,5.15,8.20
2.09,5.17,8.23
2.10,5.15,8.23
2.11,5.15,8.21
2.10,5.15,8.22
2.08,5.16,8.19
2.09,5.15,8.22
2.09,5.14,8.20
2.09,5.15,8.21
2.09,5.15,8.22
2.10,5.15,8.23
2.09,5.15,8.22
2.09,5.16,8.21
2.09,5.15,8.21
2.09,5.15,8.22
2.10,5.15,8.20
2.09,5.15,8.22
2.08,5.17,8.22
2.10,5.14,8.22
2.09,5.16,8.23
2.09,5.16,8.21
2.08,5.13,8.20
2.09,5.17,8.23
2.08,5.13,8.20
2.10,5.13,8.21
2.09,5.15,8.23
2.09,5.15,8.21
2.09,5.14,8.22
2.09,5.15,8.21
2.09,5.15,8.21
2.09,5.15,8.21
2.08,5.16,8.20
2.08,5.15,8.22
2.09,5.14,8.21
2.09,5.15,8.22
2.09,5.14,8.23
2.09,5.15,8.22
2.09,5.15,8.22
2.09,5.15,8.22
2.10,5.16,8.23
2.09,5.15,8.23
2.09,5.15,8.24
2.10,5.14,8.20
2.08,5.15,8.20
2.09,5.14,8.22
2.09,5.16,8.22
2.10,5.15,8.21
2.08,5.15,8.21
2.08,5.16,8.22
2.09,5.13,8.22
2.08,5.16,8.20
2.09,5.13,8.21
2.10,5.15,8.21
2.09,5.15,8.23
2.08,5.15,8.22
2.09,5.14,8.20
2.09,5.16,8.24
2.09,5.14,8.20
2.09,5.15,8.20
2.08,5.15,8.22
2.08,5.14,8.20
2.09,5.13,8.22
2.09,5.15,8.21
2.09,5.15,8.22
2.09,5.13,8.20
2.09,5.15,8.24
2.08,5.16,8.22
2.10,5.15,8.20
2.09,5.16,8.21
2.09,5.15,8.20
2.09,5.14,8.22
2.09,5.14,8.22
2.08,5.15,8.23
2.09,5.14,8.21
2.08,5.14,8.23
2.09,5.15,8.21
2.08,5.15,8.21
2.09,5.15,8.24
2.09,5.14,8.22
2.08,5.17,8.22
2.08,5.16,8.23
2.08,5.14,8.22
2.09,5.14,8.22
2.09,5.16,8.23
2.11,5.15,8.21
2.08,5.15,8.20
2.09,5.13,8.22
2.09,5.14,8.23
2.09,5.15,8.21
2.08,5.18,8.22
2.09,5.16,8.21
2.09,5.14,8.23
2.08,5.18,8.21
2.09,5.14,8.22
2.08,5.16,8.21
2.10,5.15,8.21
2.08,5.16,8.23
2.09,5.13,8.23
2.09,5.17,8.21
2.09,5.13,8.20
2.10,5.14,8.22
2.09,5.15,8.21
2.09,5.14,8.21
2.09,5.16,8.22
2.08,5.15,8.21
2.09,5.14,8.22
2.08,5.14,8.23
2.09,5.15,8.22
2.09,5.16,8.20
2.10,5.14,8.20
2.08,5.16,8.21
2.08,5.13,8.22
2.09,5.15,8.23
2.09,5.15,8.20
2.09,5.14,8.21
2.08,5.14,8.22
2.09,5.13,8.20
2.09,5.13,8.23
2.08,5.15,8.23
2.09,5.17,8.23
2.09,5.16,8.23
2.09,5.14,8.22
2.09,5.15,8.22
2.09,5.15,8.20
2.08,5.14,8.21
2.10,5.14,8.23
2.08,5.14,8.22
2.08,5.15,8.21
2.09,5.15,8.22
2.09,5.15,8.22
2.08,5.14,8.22
2.09,5.14,8.21
2.09,5.15,8.23
2.10,5.15,8.22
2.10,5.15,8.22
2.09,5.14,8.20
2.09,5.14,8.21
2.08,5.16,8.21
2.09,5.15,8.20
2.09,5.15,8.21
2.10,5.15,8.22
2.09,5.16,8.21
2.09,5.14,8.20
2.09,5.15,8.21
2.09,5.15,8.20
2.09,5.15,8.22
2.09,5.16,8.22
2.09,5.14,8.20
2.08,5.13,8.20
2.09,5.16,8.23
2.09,5.14,8.23
2.09,5.14,8.21
2.09,5.15,8.21
2.09,5.15,8.22
2.09,5.15,8.24
2.08,5.15,8.24
2.08,5.14,8.22
2.08,5.15,8.20
2.09,5.15,8.20
2.08,5.15,8.21
2.09,5.14,8.20
2.10,5.15,8.23
2.09,5.15,8.22
2.10,5.15,8.21
2.09,5.15,8.23
2.08,5.14,8.22
2.10,5.15,8.21
2.10,5.14,8.23
2.09,5.15,8.24
2.09,5.16,8.19
2.09,5.15,8.22
2.07,5.14,8.22
2.09,5.14,8.22
2.10,5.14,8.24
2.09,5.15,8.24
2.09,5.14,8.20
2.09,5.15,8.21
2.08,5.15,8.20
2.09,5.14,8.20
2.09,5.16,8.20
2.08,5.15,8.21
2.08,5.15,8.22
2.10,5.15,8.22
2.08,5.14,8.23
2.09,5.17,8.23
2.10,5.14,8.21
2.09,5.15,8.21
2.09,5.15,8.20
2.08,5.16,8.23
2.09,5.14,8.23
2.08,5.15,8.22
2.09,5.15,8.21
2.09,5.15,8.21
2.08,5.15,8.22
2.10,5.12,8.21
2.09,5.14,8.24
2.08,5.18,8.24
2.09,5.14,8.21
2.09,5.15,8.22
2.10,5.15,8.22
2.09,5.15,8.22
2.09,5.14,8.23
2.09,5.14,8.23
2.09,5.15,8.22
2.09,5.15,8.21
2.09,5.14,8.24
2.10,5.14,8.23
2.08,5.16,8.23
2.09,5.14,8.21
2.09,5.14,8.21
2.09,5.15,8.21
2.09,5.17,8.21
2.08,5.13,8.22
2.09,5.15,8.24
2.09,5.15,8.20
2.09,5.15,8.21
2.09,5.15,8.22
2.08,5.14,8.23
2.09,5.14,8.22
2.09,5.17,8.22
2.09,5.15,8.18
2.10,5.14,8.21
2.09,5.15,8.23
2.09,5.15,8.22
2.08,5.15,8.21
2.09,5.15,8.22
2.09,5.15,8.20
2.09,5.14,8.21
2.09,5.17,8.21
2.09,5.16,8.24
2.10,5.14,8.20
2.09,5.15,8.23
2.10,5.14,8.22
2.08,5.15,8.23
2.10,5.15,8.23
2.09,5.13,8.22
2.09,5.15,8.22
2.09,5.16,8.22
2.10,5.13,8.20
2.09,5.15,8.25
2.08,5.13,8.20
2.08,5.13,8.21
2.09,5.15,8.20
2.09,5.17,8.22
2.08,5.14,8.21
2.10,5.15,8.22
2.08,5.14,8.21
2.10,5.14,8.20
2.09,5.17,8.22
2.09,5.16,8.21
2.08,5.15,8.23
2.09,5.14,8.21
2.10,5.14,8.21
2.09,5.17,8.24
2.10,5.14,8.20
2.09,5.15,8.20
2.09,5.16,8.21
2.08,5.14,8.20
2.09,5.16,8.23
2.08,5.13,8.19
2.09,5.15,8.21
2.10,5.15,8.21
2.07,5.15,8.20
2.08,5.15,8.20
2.09,5.15,8.21
2.10,5.15,8.20
2.10,5.16,8.21
2.09,5.14,8.21
2.10,5.14,8.20
2.09,5.15,8.23
2.09,5.14,8.23
2.08,5.17,8.20
2.10,5.16,8.22
2.09,5.15,8.21
2.09,5.14,8.22
2.09,5.15,8.23
2.09,5.14,8.19
2.09,5.15,8.21
2.09,5.15,8.21
2.09,5.15,8.23
2.09,5.15,8.21
2.08,5.16,8.22
2.08,5.15,8.23
2.09,5.15,8.22
2.09,5.16,8.22
2.08,5.15,8.20
2.09,5.15,8.20
2.09,5.14,8.21
2.08,5.16,8.20
2.10,5.14,8.22
2.08,5.15,8.22
2.09,5.15,8.22
2.09,5.15,8.21
2.09,5.16,8.23
2.09,5.13,8.20
2.09,5.16,8.21
2.09,5.15,8.20
2.08,5.14,8.22
2.08,5.14,8.23
2.09,5.14,8.22
2.10,5.14,8.21
2.09,5.14,8.21
2.09,5.14,8.21
2.10,5.15,8.21
2.09,5.15,8.20
2.09,5.15,8.20
2.09,5.14,8.22
2.08,5.15,8.23
2.09,5.14,8.24
2.09,5.16,8.22
2.09,5.14,8.23
2.08,5.14,8.22
2.09,5.14,8.23
2.09,5.15,8.23
2.09,5.16,8.21
2.10,5.15,8.21
2.09,5.13,8.22
2.10,5.15,8.21
2.08,5.14,8.22
2.09,5.16,8.21
2.09,5.15,8.21
2.10,5.14,8.23
2.08,5.14,8.19
2.06,5.13,8.18
2.10,5.17,8.23
2.09,5.19,8.23
2.09,5.18,8.21
2.09,5.15,8.21
2.09,5.15,8.22
2.08,5.14,8.21
2.09,5.16,8.21
2.09,5.16,8.22
2.08,5.15,8.24
2.09,5.14,8.22
2.08,5.17,8.21
2.09,5.17,8.23
2.09,5.17,8.19
2.09,5.13,8.22
2.08,5.13,8.21
2.08,5.18,8.29
2.10,5.15,8.22
2.09,5.13,8.21
2.09,5.14,8.22
2.09,5.14,8.21
2.07,5.20,8.23
2.10,5.12,8.20
2.09,5.14,8.23
2.08,5.15,8.22
2.08,5.14,8.23
2.09,5.17,8.22
2.09,5.14,8.21
2.09,5.13,8.23
2.09,5.15,8.22
2.09,5.17,8.21
2.09,5.13,8.20
2.09,5.14,8.21
2.09,5.14,8.21
2.10,5.13,8.22
2.08,5.16,8.24
2.10,5.18,8.21
2.09,5.15,8.22
2.09,5.14,8.24
2.09,5.12,8.23
2.09,5.13,8.22
2.09,5.16,8.22
2.09,5.14,8.22
2.09,5.12,8.21
2.08,5.17,8.22
2.09,5.15,8.20
2.10,5.13,8.21
2.08,5.15,8.22
2.09,5.15,8.22
2.09,5.15,8.20
2.08,5.16,8.20
2.09,5.15,8.24
2.09,5.15,8.22
2.09,5.15,8.21
2.09,5.15,8.23
2.08,5.14,8.20
2.10,5.13,8.21
2.08,5.15,8.23
2.09,5.14,8.20
2.08,5.15,8.22
2.09,5.16,8.19
2.09,5.14,8.21
2.08,5.15,8.22
2.09,5.14,8.21
2.08,5.13,8.21
2.08,5.14,8.22
2.10,5.15,8.24
2.09,5.13,8.22
2.09,5.15,8.19
2.09,5.14,8.22
2.08,5.15,8.22
2.09,5.14,8.21
2.08,5.14,8.22
2.10,5.15,8.21
2.09,5.15,8.21
2.08,5.15,8.22
2.09,5.14,8.22
2.09,5.14,8.23
2.08,5.17,8.21
2.08,5.13,8.21
2.09,5.12,8.22
2.09,5.15,8.22
2.08,5.14,8.22
2.09,5.17,8.22
2.09,5.12,8.21
2.09,5.15,8.20
2.10,5.13,8.21
2.08,5.16,8.20
2.09,5.15,8.21
2.08,5.15,8.21
2.10,5.13,8.23
2.09,5.14,8.20
2.09,5.14,8.23
2.09,5.15,8.20
2.08,5.17,8.25
2.10,5.15,8.23
2.09,5.16,8.20
2.10,5.18,8.19
2.08,5.15,8.21
2.08,5.15,8.21
2.09,5.14,8.22
2.07,5.17,8.22
2.09,5.15,8.20
2.10,5.14,8.21
2.09,5.14,8.20
2.09,5.15,8.21
2.09,5.13,8.22
2.09,5.18,8.23
2.10,5.17,8.19
2.09,5.13,8.21
2.09,5.14,8.20
2.09,5.13,8.19
2.09,5.17,8.24
2.09,5.16,8.21
2.09,5.15,8.22
2.09,5.15,8.22
2.09,5.17,8.23
2.09,5.17,8.22
2.09,5.16,8.21
2.09,5.15,8.22
2.09,5.16,8.20
2.09,5.16,8.21
2.09,5.15,8.19
2.10,5.15,8.21
2.10,5.17,8.20
2.09,5.17,8.20
2.09,5.17,8.21
2.10,5.13,8.23
2.08,5.16,8.20
2.09,5.14,8.19
2.10,5.15,8.23
2.08,5.17,8.22
2.10,5.15,8.21
2.09,5.16,8.20
2.09,5.17,8.22
2.09,5.15,8.20
2.09,5.17,8.22
2.09,5.17,8.20
2.09,5.16,8.21
2.09,5.15,8.21
2.09,5.17,8.21
2.08,5.14,8.21
2.09,5.13,8.22
2.10,5.16,8.20
2.09,5.17,8.19
2.10,5.14,8.19
2.09,5.15,8.21
2.08,5.15,8.23
2.10,5.16,8.21
2.09,5.16,8.21
2.11,5.13,8.20
2.08,5.17,8.22
2.10,5.13,8.21
2.07,5.20,8.20
2.10,5.15,8.19
2.10,5.15,8.22
2.09,5.19,8.24
2.09,5.15,8.21
2.09,5.15,8.21
2.10,5.15,8.20
2.09,5.17,8.20
2.09,5.16,8.21
2.09,5.17,8.20
2.10,5.15,8.20
2.08,5.17,8.19
2.09,5.15,8.22
2.10,5.15,8.18
2.10,5.16,8.20
2.10,5.15,8.21
2.09,5.14,8.22
2.09,5.15,8.23
2.09,5.18,8.22
2.10,5.18,8.19
2.08,5.14,8.23
2.08,5.15,8.24
2.09,5.14,8.24
2.08,5.15,8.18
2.09,5.16,8.22
2.10,5.15,8.19
2.09,5.15,8.22
2.09,5.14,8.19
2.09,5.14,8.24
2.10,5.14,8.21
2.09,5.16,8.19
2.09,5.16,8.21
2.10,5.13,8.23
2.08,5.17,8.20
2.10,5.15,8.22
2.09,5.17,8.22
2.09,5.16,8.20
2.10,5.13,8.22
2.09,5.18,8.21
2.09,5.15,8.20
2.09,5.14,8.21
2.10,5.17,8.20
2.09,5.16,8.22
2.09,5.16,8.18
2.09,5.16,8.20
2.09,5.16,8.22
2.09,5.14,8.20
2.09,5.16,8.21
2.09,5.14,8.21
2.09,5.15,8.21
2.09,5.17,8.21
2.09,5.16,8.21
2.09,5.17,8.21
2.09,5.17,8.21
2.09,5.15,8.21
2.09,5.15,8.20
2.08,5.18,8.21
2.10,5.15,8.22
2.10,5.17,8.21
2.09,5.16,8.21
2.08,5.16,8.21
2.09,5.16,8.18
2.08,5.17,8.20
2.10,5.15,8.20
2.09,5.14,8.20
2.09,5.16,8.21
2.09,5.16,8.21
2.09,5.15,8.20
2.10,5.16,8.21
2.10,5.15,8.21
2.08,5.15,8.22
2.09,5.16,8.22
2.09,5.15,8.21
2.09,5.15,8.20
2.10,5.16,8.21
2.09,5.18,8.21
2.09,5.17,8.21
2.09,5.14,8.19
2.09,5.16,8.21
2.09,5.15,8.22
2.09,5.17,8.21
2.09,5.16,8.20
2.10,5.14,8.20
2.09,5.14,8.20
2.09,5.17,8.22
2.09,5.16,8.22
2.09,5.17,8.19
2.10,5.16,8.20
2.09,5.16,8.21
2.09,5.16,8.21
2.10,5.17,8.24
2.09,5.16,8.21
2.08,5.17,8.20
2.09,5.15,8.20
2.09,5.16,8.22
2.09,5.15,8.21
2.09,5.16,8.21
2.10,5.16,8.20
2.09,5.17,8.19
2.10,5.16,8.20
2.09,5.15,8.20
2.09,5.15,8.21
2.09,5.15,8.22
2.09,5.16,8.21
2.09,5.16,8.22
2.10,5.15,8.21
2.10,5.15,8.20
2.09,5.16,8.20
2.09,5.14,8.20
2.10,5.16,8.19
2.09,5.14,8.22
2.09,5.16,8.20
2.09,5.16,8.20
2.09,5.15,8.20
2.09,5.17,8.22
2.09,5.15,8.21
2.09,5.15,8.22
2.09,5.16,8.22
2.10,5.15,8.20
2.09,5.14,8.22
2.09,5.16,8.20
2.07,5.15,8.20
2.09,5.15,8.22
2.10,5.15,8.23
2.09,5.17,8.23
2.10,5.16,8.20
2.10,5.17,8.21
2.10,5.16,8.20
2.10,5.15,8.22
2.08,5.15,8.24
2.09,5.16,8.22
2.09,5.17,8.21
2.10,5.17,8.20
2.09,5.15,8.19
2.09,5.15,8.22
2.08,5.16,8.21
2.09,5.17,8.20
2.09,5.15,8.20
2.10,5.16,8.19
2.08,5.16,8.21
2.09,5.14,8.21
2.08,5.16,8.21
2.09,5.15,8.20
2.10,5.15,8.21
2.10,5.16,8.18
2.09,5.15,8.20
2.09,5.15,8.22
2.09,5.14,8.24
2.09,5.15,8.22
2.09,5.15,8.20
2.09,5.15,8.21
2.09,5.18,8.20
2.09,5.16,8.21
2.09,5.15,8.20
2.09,5.16,8.21
2.09,5.17,8.19
2.09,5.15,8.19
2.10,5.16,8.23
2.09,5.15,8.21
2.09,5.16,8.21
2.09,5.17,8.20
2.10,5.16,8.22
2.09,5.17,8.21
2.09,5.16,8.21
2.09,5.14,8.21
2.09,5.16,8.24
2.09,5.15,8.20
2.10,5.17,8.20
2.09,5.16,8.22
2.09,5.14,8.19
2.08,5.17,8.21
2.09,5.16,8.20
2.08,5.14,8.20
2.10,5.15,8.22
2.09,5.16,8.21
2.10,5.16,8.22
2.10,5.15,8.22
2.09,5.17,8.21
2.09,5.16,8.23
2.10,5.15,8.19
2.09,5.16,8.21
2.09,5.14,8.22
2.10,5.15,8.22
2.09,5.17,8.20
2.10,5.16,8.19
2.09,5.16,8.21
2.10,5.15,8.20
2.08,5.15,8.20
2.09,5.14,8.20
2.09,5.16,8.21
2.10,5.16,8.19
2.09,5.15,8.24
2.08,5.16,8.21
2.09,5.16,8.21
2.08,5.16,8.24
2.09,5.16,8.21
2.09,5.16,8.19
2.09,5.17,8.19
2.09,5.13,8.22
2.09,5.15,8.20
2.08,5.15,8.22
2.10,5.16,8.23
2.09,5.16,8.22
2.09,5.17,8.22
2.09,5.15,8.22
2.11,5.15,8.21
2.09,5.17,8.20
2.10,5.15,8.20
2.09,5.14,8.20
2.09,5.15,8.20
2.09,5.16,8.20
2.09,5.15,8.20
2.09,5.16,8.21
2.10,5.16,8.22
2.09,5.15,8.21
2.11,5.16,8.21
2.09,5.15,8.22
2.09,5.16,8.21
2.09,5.16,8.20
2.08,5.17,8.17
2.09,5.16,8.23
2.09,5.18,8.23
2.09,5.14,8.19
2.09,5.17,8.20
2.08,5.18,8.21
2.09,5.14,8.21
2.09,5.16,8.22
2.10,5.15,8.21
2.08,5.18,8.24
2.10,5.15,8.21
2.10,5.16,8.22
2.09,5.19,8.20
2.09,5.15,8.18
2.08,5.13,8.20
2.08,5.18,8.20
2.08,5.16,8.20
2.09,5.15,8.21
2.10,5.15,8.20
2.10,5.17,8.22
2.10,5.14,8.21
2.09,5.18,8.22
2.10,5.16,8.21
2.08,5.18,8.20
2.09,5.17,8.21
2.10,5.15,8.19
2.10,5.15,8.21
2.09,5.18,8.22
2.09,5.16,8.22
2.10,5.16,8.21
2.09,5.16,8.21
2.09,5.17,8.21
2.10,5.16,8.20
2.09,5.16,8.22
2.09,5.16,8.21
2.09,5.17,8.20
2.10,5.17,8.20
2.09,5.18,8.20
2.10,5.17,8.21
2.11,5.15,8.20
2.09,5.16,8.22
2.10,5.18,8.21
2.09,5.17,8.19
2.08,5.22,8.37
2.21,4.94,8.03
2.04,5.34,8.27
2.12,5.07,8.18
2.08,5.17,8.11
2.06,5.13,8.29
2.14,5.04,8.11
2.06,5.30,8.30
2.15,5.01,8.21
2.05,5.23,8.26
2.09,5.16,8.16
2.09,5.15,8.20
2.06,5.15,8.24
2.10,5.06,8.22
2.07,5.16,8.25
2.08,5.16,8.22
2.10,5.11,8.19
2.07,5.19,8.25
2.09,5.12,8.23
2.09,5.15,8.23
2.09,5.14,8.21
2.09,5.13,8.21
2.08,5.17,8.24
2.09,5.11,8.20
2.08,5.15,8.25
2.09,5.11,8.22
2.09,5.15,8.22
2.09,5.14,8.22
2.09,5.12,8.22
2.06,5.16,8.22
2.09,5.12,8.19
2.08,5.15,8.22
2.09,5.16,8.22
2.08,5.14,8.20
2.09,5.13,8.23
2.08,5.14,8.21
2.10,5.15,8.22
2.09,5.15,8.22
2.09,5.15,8.21
2.08,5.14,8.23
2.09,5.14,8.22
2.07,5.14,8.22
2.09,5.15,8.23
2.09,5.16,8.23
2.08,5.14,8.21
2.08,5.13,8.23
2.09,5.13,8.23
2.08,5.16,8.23
2.09,5.15,8.22
2.09,5.13,8.21
2.08,5.14,8.21
2.08,5.15,8.23
2.09,5.14,8.21
2.10,5.14,8.22
2.08,5.14,8.21
2.09,5.15,8.22
2.08,5.14,8.23
2.10,5.12,8.23
2.09,5.15,8.21
2.09,5.14,8.22
2.09,5.15,8.20
2.08,5.13,8.21
2.09,5.13,8.23
2.07,5.14,8.21
2.08,5.12,8.21
2.08,5.14,8.21
2.09,5.15,8.22
2.09,5.13,8.23
2.08,5.13,8.24
2.08,5.15,8.22
2.08,5.13,8.21
2.08,5.15,8.20
2.08,5.16,8.22
2.09,5.14,8.25
2.09,5.13,8.21
2.10,5.14,8.22
2.09,5.14,8.21
2.09,5.15,8.22
2.10,5.15,8.22
2.09,5.13,8.23
2.08,5.13,8.23
2.09,5.15,8.23
2.09,5.15,8.20
2.07,5.15,8.22
2.09,5.14,8.21
2.08,5.14,8.23
2.08,5.13,8.22
2.09,5.15,8.21
2.09,5.13,8.21
2.09,5.15,8.22
2.08,5.13,8.23
2.09,5.14,8.23
2.09,5.13,8.20
2.09,5.14,8.19
2.06,5.15,8.22
2.08,5.13,8.22
2.09,5.15,8.24
2.08,5.13,8.22
2.09,5.15,8.22
2.08,5.15,8.23
2.09,5.15,8.20
2.07,5.15,8.23
2.08,5.14,8.21
2.09,5.14,8.21
2.09,5.15,8.21
2.08,5.14,8.22
2.09,5.14,8.21
2.08,5.14,8.24
2.09,5.14,8.23
2.09,5.14,8.22
2.09,5.14,8.21
2.08,5.15,8.23
2.09,5.15,8.23
2.09,5.13,8.23
2.08,5.15,8.23
2.08,5.17,8.24
2.08,5.14,8.20
2.09,5.15,8.22
2.09,5.15,8.21
2.08,5.15,8.24
2.08,5.15,8.21
2.08,5.15,8.22
2.09,5.12,8.21
2.08,5.16,8.23
2.09,5.14,8.23
2.10,5.12,8.22
2.09,5.15,8.23
2.09,5.15,8.20
2.08,5.15,8.22
2.08,5.13,8.24
2.08,5.14,8.21
2.08,5.14,8.22
2.09,5.12,8.22
2.08,5.17,8.22
2.08,5.15,8.21
2.08,5.13,8.22
2.09,5.17,8.22
2.09,5.14,8.23
2.08,5.14,8.23
2.09,5.16,8.21
2.09,5.17,8.19
2.09,5.18,8.19
2.08,5.15,8.21
2.08,5.13,8.24
2.08,5.15,8.25
2.09,5.16,8.21
2.10,5.19,8.20
2.09,5.15,8.20
2.08,5.15,8.22
2.09,5.15,8.25
2.09,5.15,8.22
2.08,5.16,8.21
2.09,5.17,8.21
2.09,5.15,8.20
2.08,5.16,8.21
2.09,5.14,8.23
2.09,5.12,8.23
2.09,5.15,8.21
2.10,5.15,8.20
2.09,5.17,8.21
2.09,5.15,8.23
2.08,5.15,8.21
2.08,5.15,8.21
2.09,5.17,8.20
2.09,5.15,8.24
2.08,5.15,8.22
2.09,5.15,8.22
2.09,5.11,8.23
2.09,5.15,8.20
2.09,5.15,8.20
2.09,5.13,8.22
2.08,5.15,8.20
2.09,5.13,8.18
2.08,5.14,8.24
2.08,5.13,8.21
2.10,5.11,8.25
2.09,5.16,8.21
2.10,5.15,8.21
2.08,5.15,8.20
2.08,5.12,8.23
2.09,5.13,8.21
2.08,5.17,8.21
2.09,5.18,8.21
2.09,5.15,8.19
2.09,5.16,8.22
2.09,5.14,8.23
2.08,5.17,8.24
2.08,5.21,8.16
2.09,5.12,8.19
2.09,5.18,8.21
2.10,5.14,8.20
2.08,5.16,8.23
2.08,5.20,8.24
2.10,5.13,8.18
2.09,5.14,8.20
2.09,5.20,8.21
2.09,5.16,8.18
2.09,5.17,8.24
2.09,5.15,8.22
2.09,5.17,8.20
2.09,5.16,8.18
2.09,5.18,8.20
2.08,5.16,8.21
2.08,5.13,8.22
2.09,5.14,8.21
2.10,5.17,8.21
2.10,5.21,8.19
2.10,5.18,8.18
2.09,5.11,8.21
2.10,5.15,8.22
2.09,5.13,8.19
2.09,5.19,8.20
2.09,5.19,8.21
2.10,5.15,8.23
2.09,5.18,8.22
2.10,5.18,8.19
2.10,5.17,8.19
2.09,5.17,8.20
2.09,5.17,8.20
2.11,5.14,8.19
2.10,5.16,8.20
2.09,5.16,8.21
2.09,5.13,8.20
2.11,5.17,8.20
2.09,5.20,8.19
2.10,5.15,8.19
2.10,5.17,8.23
2.09,5.15,8.22
2.10,5.15,8.18
2.10,5.19,8.20
2.10,5.17,8.18
2.09,5.16,8.22
2.09,5.17,8.22
2.10,5.18,8.19
2.09,5.17,8.21
2.11,5.14,8.16
2.07,5.25,8.24
2.11,5.14,8.19
2.10,5.14,8.22
2.08,5.23,8.22
2.11,5.16,8.20
2.10,5.12,8.18
2.09,5.19,8.20
2.09,5.16,8.24
2.09,5.22,8.20
2.07,5.26,8.24
2.14,5.10,8.19
2.13,5.12,8.16
2.09,5.16,8.23
2.09,5.16,8.18
2.11,5.19,8.26
2.11,5.16,8.22
2.10,5.10,8.15
2.07,5.18,8.14
2.08,5.20,8.15
2.08,5.13,8.16
2.10,5.10,8.17
2.09,5.22,8.26
2.12,5.07,8.21
2.07,5.15,8.22
2.10,5.18,8.26
2.10,5.16,8.22
2.09,5.20,8.23
2.11,5.17,8.19
2.09,5.20,8.23
2.10,5.16,8.18
2.09,5.18,8.19
2.09,5.16,8.20
2.09,5.14,8.19
2.08,5.15,8.20
2.09,5.18,8.22
2.09,5.17,8.20
2.10,5.17,8.22
2.09,5.15,8.21
2.08,5.14,8.19
2.09,5.16,8.22
2.11,5.17,8.21
2.09,5.15,8.20
2.10,5.16,8.19
2.09,5.16,8.22
2.09,5.17,8.19
2.10,5.16,8.18
2.10,5.16,8.23
2.10,5.15,8.21
2.08,5.17,8.20
2.10,5.17,8.21
2.10,5.15,8.20
2.11,5.19,8.22
2.09,5.16,8.21
2.09,5.15,8.18
2.11,5.12,8.19
2.05,5.20,8.21
2.11,5.09,8.19
2.11,5.13,8.17
2.09,5.17,8.21
2.09,5.15,8.23
2.11,5.15,8.18
2.09,5.14,8.18
2.07,5.26,8.27
2.11,5.23,8.18
2.11,5.25,8.22
2.10,5.22,8.27
2.10,5.10,8.20
2.08,5.22,8.24
2.10,5.10,8.20
2.11,5.12,8.18
2.10,5.23,8.22
2.09,5.13,8.23
2.10,5.17,8.23
2.11,5.18,8.17
2.09,5.18,8.25
2.09,5.20,8.28
2.10,5.17,8.21
2.11,5.19,8.20
2.09,5.17,8.24
2.09,5.17,8.24
2.07,5.20,8.25
2.12,5.13,8.18
2.09,5.19,8.22
2.09,5.16,8.18
2.09,5.19,8.22
2.08,5.17,8.24
2.10,5.13,8.19
2.09,5.16,8.21
2.10,5.15,8.20
2.08,5.17,8.22
2.09,5.17,8.20
2.10,5.16,8.22
2.08,5.18,8.22
2.10,5.15,8.19
2.09,5.16,8.19
2.09,5.16,8.20
2.08,5.21,8.24
2.10,5.14,8.17
2.09,5.14,8.22
2.10,5.16,8.17
2.10,5.14,8.19
2.09,5.15,8.21
2.07,5.20,8.24
2.10,5.17,8.19
2.10,5.15,8.21
2.09,5.16,8.17
2.09,5.20,8.23
2.10,5.14,8.20
2.09,5.16,8.21
2.08,5.18,8.21
2.10,5.14,8.19
2.09,5.20,8.21
2.09,5.14,8.20
2.09,5.15,8.22
2.09,5.16,8.21
2.09,5.17,8.19
2.09,5.16,8.20
2.10,5.16,8.19
2.08,5.15,8.22
2.09,5.15,8.22
2.09,5.17,8.20
2.09,5.16,8.20
2.09,5.17,8.18
2.08,5.17,8.21
2.10,5.19,8.20
2.10,5.21,8.20
2.10,5.19,8.19
2.10,5.15,8.21
2.06,5.16,8.23
2.09,5.20,8.19
2.10,5.16,8.14
2.10,5.19,8.18
2.09,5.17,8.22
2.09,5.16,8.22
2.10,5.18,8.21
2.10,5.19,8.22
2.10,5.19,8.19
2.10,5.17,8.17
2.09,5.17,8.20
2.11,5.16,8.21
2.09,5.17,8.20
2.09,5.18,8.21
2.10,5.16,8.19
2.11,5.17,8.19
2.10,5.17,8.20
2.08,5.15,8.23
2.09,5.16,8.21
2.09,5.16,8.20
2.10,5.16,8.19
2.10,5.18,8.18
2.09,5.20,8.17
2.09,5.16,8.24
2.10,5.16,8.23
2.10,5.15,8.19
2.10,5.18,8.16
2.09,5.20,8.19
2.09,5.16,8.22
2.09,5.13,8.20
2.10,5.18,8.19
2.09,5.18,8.19
2.10,5.18,8.20
2.10,5.16,8.20
2.09,5.16,8.19
2.10,5.18,8.21
2.10,5.17,8.20
2.09,5.18,8.20
2.09,5.17,8.20
2.10,5.17,8.21
2.10,5.16,8.19
2.10,5.16,8.21
2.10,5.18,8.18
2.11,5.17,8.20
2.10,5.18,8.19
2.09,5.17,8.21
2.10,5.19,8.20
2.10,5.16,8.21
2.09,5.18,8.18
2.09,5.18,8.20
2.10,5.15,8.20
2.09,5.17,8.21
2.09,5.16,8.18
2.11,5.17,8.21
2.10,5.19,8.19
2.09,5.16,8.18
2.10,5.15,8.20
2.10,5.16,8.22
2.09,5.17,8.21
2.09,5.18,8.20
2.10,5.18,8.19
2.10,5.16,8.20
2.09,5.17,8.22
2.09,5.19,8.21
2.10,5.18,8.20
2.10,5.15,8.19
2.09,5.16,8.21
2.09,5.16,8.19
2.10,5.19,8.20
2.10,5.20,8.20
2.09,5.14,8.22
2.09,5.15,8.23
2.09,5.18,8.24
2.10,5.17,8.16
2.11,5.16,8.15
2.09,5.21,8.20
2.09,5.15,8.21
2.09,5.15,8.24
2.08,5.16,8.22
2.09,5.18,8.20
2.12,5.20,8.15
2.10,5.21,8.19
2.09,5.12,8.21
2.09,5.14,8.22
2.07,5.20,8.23
2.11,5.16,8.18
2.10,5.17,8.14
2.11,5.18,8.17
2.09,5.18,8.21
2.09,5.15,8.23
2.06,5.19,8.25
2.10,5.16,8.21
2.13,5.19,8.12
2.10,5.24,8.16
2.08,5.14,8.22
2.09,5.12,8.22
2.08,5.19,8.28
2.12,5.16,8.14
2.11,5.23,8.14
2.09,5.19,8.20
2.09,5.13,8.25
2.09,5.14,8.23
2.10,5.17,8.19
2.12,5.19,8.14
2.12,5.20,8.15
2.10,5.16,8.20
2.10,5.13,8.23
2.08,5.17,8.27
2.06,5.22,8.30
2.13,5.12,8.14
2.15,5.18,8.10
2.09,5.24,8.20
2.09,5.14,8.23
2.09,5.11,8.21
2.07,5.15,8.27
2.09,5.18,8.28
2.13,5.21,8.10
2.11,5.24,8.17
2.09,5.16,8.22
2.10,5.17,8.22
2.09,5.13,8.20
2.09,5.18,8.25
2.13,5.20,8.13
2.11,5.23,8.13
2.09,5.16,8.19
2.09,5.17,8.24
2.09,5.14,8.20
2.08,5.16,8.26
2.10,5.17,8.19
2.12,5.21,8.09
2.09,5.23,8.17
2.09,5.15,8.24
2.11,5.13,8.20
2.08,5.17,8.25
2.11,5.16,8.25
2.11,5.19,8.11
2.11,5.23,8.13
2.09,5.16,8.24
2.09,5.16,8.25
2.10,5.15,8.20
2.08,5.19,8.26
2.11,5.19,8.17
2.11,5.22,8.15
2.09,5.14,8.19
2.09,5.17,8.24
2.10,5.15,8.21
2.10,5.17,8.21
2.10,5.19,8.21
2.12,5.19,8.15
2.11,5.19,8.18
2.09,5.18,8.22
2.09,5.16,8.21
2.11,5.17,8.18
2.10,5.20,8.18
2.09,5.17,8.20
2.10,5.17,8.15
2.09,5.16,8.22
2.08,5.18,8.22
2.10,5.16,8.18
2.09,5.19,8.19
2.09,5.16,8.21
2.09,5.16,8.22
2.10,5.17,8.20
2.09,5.17,8.19
2.11,5.18,8.16
2.10,5.16,8.20
2.10,5.18,8.19
2.10,5.17,8.19
2.09,5.16,8.20
2.10,5.18,8.20
2.11,5.18,8.20
2.10,5.16,8.20
2.09,5.18,8.22
2.09,5.16,8.19
2.10,5.15,8.18
2.11,5.17,8.22
2.10,5.18,8.19
2.09,5.17,8.17
2.10,5.16,8.18
2.09,5.16,8.21
2.09,5.17,8.20
2.09,5.18,8.20
2.09,5.20,8.19
2.11,5.17,8.20
2.09,5.16,8.21
2.10,5.17,8.20
2.10,5.18,8.20
2.09,5.17,8.20
2.10,5.18,8.21
2.09,5.17,8.19
2.10,5.17,8.21
2.09,5.16,8.20
2.11,5.15,8.21
2.09,5.18,8.19
2.10,5.18,8.19
2.09,5.17,8.19
2.09,5.18,8.21
2.09,5.16,8.19
2.11,5.15,8.20
2.09,5.18,8.19
2.09,5.17,8.18
2.09,5.16,8.21
2.10,5.18,8.19
2.09,5.16,8.21
2.11,5.16,8.21
2.09,5.18,8.22
2.10,5.17,8.21
2.09,5.17,8.19
2.09,5.20,8.21
2.09,5.16,8.19
2.09,5.16,8.20
2.09,5.17,8.20
2.09,5.17,8.18
2.09,5.18,8.18
2.10,5.17,8.20
2.09,5.16,8.20
2.10,5.16,8.21
2.09,5.18,8.20
2.10,5.18,8.18
2.09,5.17,8.18
2.10,5.19,8.20
2.10,5.17,8.21
2.09,5.17,8.20
2.09,5.17,8.20
2.09,5.18,8.20
2.10,5.18,8.20
2.10,5.16,8.20
2.09,5.16,8.19
2.09,5.19,8.20
2.11,5.17,8.19
2.09,5.16,8.18
2.11,5.20,8.18
2.09,5.19,8.21
2.10,5.15,8.20
2.10,5.18,8.19
2.10,5.17,8.18
2.11,5.18,8.20
2.10,5.17,8.18
2.09,5.16,8.20
2.09,5.16,8.20
2.10,5.17,8.20
2.10,5.18,8.18
2.10,5.16,8.20
2.09,5.17,8.20
2.09,5.18,8.19
2.10,5.17,8.20
2.10,5.18,8.19
2.09,5.16,8.20
2.09,5.18,8.21
2.09,5.18,8.23
2.10,5.18,8.21
2.11,5.18,8.22
2.10,5.17,8.18
2.11,5.17,8.21
2.10,5.16,8.19
2.10,5.15,8.21
2.09,5.20,8.22
2.11,5.19,8.20
2.10,5.16,8.16
2.10,5.17,8.20
2.11,5.16,8.19
2.09,5.18,8.22
2.09,5.17,8.21
2.10,5.15,8.20
2.09,5.15,8.21
2.10,5.18,8.21
2.10,5.20,8.20
2.10,5.18,8.20
2.09,5.17,8.21
2.09,5.18,8.22
2.09,5.15,8.20
2.09,5.17,8.20
2.08,5.17,8.18
2.11,5.17,8.19
2.09,5.16,8.20
2.09,5.17,8.20
2.10,5.16,8.22
2.08,5.15,8.23
2.09,5.19,8.20
2.10,5.16,8.18
2.09,5.17,8.20
2.09,5.16,8.22
2.09,5.15,8.20
2.10,5.13,8.20
2.10,5.18,8.20
2.09,5.17,8.19
2.08,5.15,8.24
2.09,5.15,8.20
2.10,5.14,8.19
2.09,5.18,8.20
2.10,5.16,8.20
2.09,5.15,8.20
2.08,5.17,8.20
2.09,5.17,8.20
2.11,5.16,8.22
2.09,5.14,8.20
2.10,5.16,8.21
2.09,5.16,8.20
2.09,5.17,8.22
2.10,5.17,8.20
2.10,5.10,8.18
2.09,5.18,8.22
2.09,5.17,8.21
2.09,5.16,8.20
2.10,5.15,8.20
2.10,5.16,8.24
2.09,5.14,8.19
2.09,5.15,8.21
2.09,5.17,8.19
2.09,5.17,8.19
2.09,5.16,8.23
2.09,5.16,8.22
2.10,5.14,8.19
2.10,5.16,8.19
2.09,5.18,8.19
2.10,5.17,8.21
2.10,5.15,8.20
2.09,5.17,8.22
2.09,5.21,8.22
2.10,5.19,8.21
2.11,5.17,8.23
2.10,5.19,8.21
2.09,5.15,8.19
2.09,5.15,8.24
2.08,5.19,8.20
2.11,5.16,8.15
2.11,5.19,8.23
2.10,5.17,8.21
2.09,5.17,8.19
2.09,5.18,8.23
2.09,5.19,8.21
2.10,5.16,8.16
2.10,5.16,8.23
2.09,5.17,8.22
2.10,5.18,8.20
2.09,5.14,8.19
2.10,5.16,8.20
2.09,5.19,8.20
2.10,5.16,8.19
2.08,5.18,8.20
2.10,5.17,8.21
2.09,5.16,8.19
2.10,5.19,8.20
2.09,5.19,8.19
2.10,5.14,8.10
2.09,5.19,8.22
2.10,5.14,8.20
2.11,5.19,8.21
2.09,5.17,8.19
2.09,5.16,8.21
2.09,5.17,8.22
2.10,5.18,8.21
2.10,5.18,8.20
2.09,5.15,8.16
2.09,5.15,8.17
2.09,5.18,8.22
2.09,5.18,8.23
2.10,5.16,8.17
2.09,5.17,8.18
2.10,5.13,8.17
2.10,5.22,8.21
2.09,5.21,8.18
2.12,5.15,8.22
2.08,5.18,8.24
2.12,5.15,8.22
2.10,5.18,8.22
2.09,5.20,8.19
2.10,5.16,8.20
2.10,5.17,8.23
2.09,5.16,8.23
2.10,5.16,8.21
2.11,5.14,8.18
2.10,5.18,8.20
2.09,5.21,8.20
2.10,5.16,8.19
2.08,5.16,8.20
2.09,5.17,8.20
2.11,5.23,8.19
2.12,5.19,8.20
2.09,5.19,8.19
2.09,5.16,8.18
2.09,5.14,8.21
2.09,5.17,8.20
2.09,5.18,8.20
2.11,5.20,8.20
2.10,5.18,8.19
2.10,5.16,8.22
2.09,5.16,8.20
2.09,5.17,8.21
2.09,5.19,8.20
2.09,5.18,8.18
2.10,5.16,8.20
2.09,5.15,8.24
2.11,5.19,8.23
2.10,5.24,8.24
2.10,5.16,8.24
2.10,5.16,8.19
2.09,5.19,8.21
2.10,5.19,8.22
2.10,5.15,8.18
2.09,5.18,8.20
2.09,5.21,8.22
2.10,5.16,8.18
2.10,5.19,8.22
2.11,5.19,8.21
2.10,5.19,8.24
2.09,5.21,8.21
2.11,5.17,8.20
2.09,5.15,8.20
2.08,5.20,8.20
2.10,5.09,8.25
2.09,5.21,8.16
2.11,5.20,8.20
2.10,5.19,8.21
2.09,5.18,8.22
2.10,5.14,8.17
2.10,5.15,8.22
2.09,5.18,8.21
2.11,5.17,8.19
2.09,5.16,8.21
2.09,5.18,8.20
2.09,5.13,8.17
2.11,5.19,8.20
2.09,5.20,8.20
2.09,5.15,8.22
2.10,5.20,8.20
2.10,5.16,8.19
2.09,5.15,8.20
2.09,5.17,8.19
2.10,5.13,8.20
2.09,5.17,8.20
2.11,5.17,8.18
2.09,5.17,8.17
2.12,5.16,8.16
2.07,5.26,8.24
2.13,5.15,8.16
2.12,5.15,8.21
2.09,5.17,8.24
2.08,5.21,8.23
2.11,5.15,8.17
2.13,5.19,8.10
2.09,5.21,8.18
2.12,5.14,8.19
2.08,5.15,8.22
2.09,5.18,8.24
2.10,5.20,8.19
2.10,5.21,8.18
2.11,5.16,8.17
2.10,5.14,8.22
2.09,5.17,8.20
2.09,5.15,8.21
2.09,5.17,8.20
2.11,5.19,8.21
2.11,5.20,8.16
2.10,5.18,8.21
2.09,5.17,8.22
2.09,5.16,8.20
2.10,5.18,8.22
2.10,5.19,8.18
2.10,5.18,8.17
2.10,5.15,8.19
2.09,5.17,8.21
2.10,5.16,8.21
2.10,5.17,8.20
2.10,5.20,8.19
2.12,5.18,8.19
2.09,5.15,8.21
2.10,5.16,8.21
2.09,5.17,8.21
2.10,5.18,8.19
2.10,5.20,8.19
2.10,5.14,8.17
2.09,5.17,8.20
2.10,5.19,8.19
2.10,5.17,8.18
2.10,5.17,8.18
2.10,5.19,8.19
2.09,5.16,8.20
2.09,5.19,8.20
2.09,5.17,8.23
2.11,5.16,8.18
2.11,5.18,8.18
2.10,5.18,8.20
2.10,5.17,8.20
2.09,5.18,8.20
2.11,5.14,8.21
2.10,5.18,8.19
2.10,5.18,8.20
2.10,5.17,8.20
2.09,5.16,8.19
2.10,5.18,8.21
2.10,5.16,8.20
2.10,5.19,8.20
2.11,5.20,8.20
2.09,5.17,8.19
2.10,5.16,8.20
2.10,5.18,8.22
2.10,5.18,8.17
2.10,5.19,8.18
2.10,5.20,8.19
2.10,5.16,8.20
2.11,5.18,8.21
2.09,5.19,8.23
2.09,5.18,8.19
2.10,5.17,8.19
2.09,5.18,8.20
2.10,5.17,8.18
2.09,5.19,8.20
2.09,5.17,8.21
2.10,5.15,8.20
2.10,5.18,8.20
2.09,5.19,8.19
2.10,5.16,8.20
2.10,5.16,8.21
2.09,5.18,8.20
2.11,5.18,8.18
2.11,5.20,8.17
2.10,5.18,8.17
2.10,5.17,8.21
2.10,5.17,8.21
2.10,5.18,8.21
2.11,5.18,8.19
2.10,5.20,8.15
2.10,5.17,8.19
2.11,5.15,8.22
2.09,5.18,8.20
2.10,5.20,8.19
2.11,5.21,8.19
2.10,5.17,8.19
2.09,5.15,8.18
2.09,5.14,8.22
2.10,5.17,8.21
2.12,5.18,8.22
2.10,5.17,8.21
2.11,5.17,8.20
2.12,5.19,8.20
2.09,5.17,8.19
2.11,5.19,8.20
2.11,5.18,8.17
2.10,5.17,8.19
2.09,5.17,8.21
2.09,5.18,8.21
2.10,5.18,8.21
2.13,5.15,8.16
2.11,5.21,8.17
2.09,5.20,8.18
2.10,5.16,8.19
2.11,5.16,8.22
2.08,5.17,8.23
2.11,5.18,8.17
2.11,5.20,8.16
2.10,5.21,8.18
2.11,5.16,8.22
2.10,5.16,8.21
2.10,5.18,8.22
2.11,5.19,8.16
2.11,5.18,8.18
2.11,5.17,8.20
2.10,5.17,8.21
2.10,5.16,8.18
2.10,5.19,8.20
2.10,5.19,8.21
2.11,5.15,8.17
2.09,5.19,8.19
2.10,5.18,8.20
2.11,5.15,8.21
2.10,5.19,8.18
2.09,5.18,8.20
2.10,5.17,8.20
2.09,5.17,8.21
2.10,5.20,8.21
2.10,5.17,8.18
2.11,5.19,8.21
2.11,5.18,8.19
2.11,5.18,8.20
2.10,5.19,8.20
2.09,5.16,8.20
2.10,5.18,8.20
2.11,5.17,8.18
2.09,5.21,8.17
2.10,5.16,8.21
2.10,5.16,8.19
2.10,5.16,8.20
2.11,5.19,8.18
2.10,5.20,8.18
2.10,5.18,8.18
2.09,5.17,8.21
2.10,5.18,8.20
2.10,5.16,8.20
2.10,5.20,8.18
2.10,5.20,8.16
2.11,5.18,8.18
2.10,5.15,8.20
2.10,5.19,8.18
2.10,5.21,8.22
2.11,5.18,8.18
2.10,5.18,8.19
2.10,5.17,8.20
2.09,5.19,8.22
2.10,5.20,8.20
2.09,5.16,8.19
2.09,5.18,8.18
2.10,5.19,8.18
2.09,5.17,8.20
2.11,5.17,8.18
2.09,5.18,8.21
2.11,5.17,8.18
2.10,5.20,8.18
2.10,5.17,8.19
2.09,5.19,8.20
2.11,5.16,8.21
2.09,5.17,8.21
2.09,5.18,8.17
2.12,5.20,8.15
2.10,5.18,8.17
2.09,5.17,8.19
2.09,5.17,8.21
2.10,5.18,8.20
2.11,5.20,8.17
2.11,5.18,8.18
2.11,5.18,8.19
2.09,5.19,8.22
2.11,5.18,8.20
2.10,5.18,8.19
2.11,5.18,8.19
2.09,5.16,8.17
2.10,5.18,8.19
2.09,5.18,8.18
2.09,5.17,8.21
2.10,5.17,8.20
2.10,5.18,8.20
2.10,5.20,8.18
2.11,5.17,8.20
2.09,5.18,8.21
2.11,5.19,8.21
2.09,5.18,8.20
2.10,5.20,8.19
2.10,5.19,8.19
2.11,5.18,8.19
2.09,5.16,8.20
2.10,5.16,8.20
2.10,5.17,8.17
2.10,5.17,8.19
2.10,5.19,8.20
2.09,5.17,8.20
2.09,5.16,8.20
2.10,5.17,8.19
2.10,5.19,8.19
2.10,5.19,8.20
2.10,5.20,8.20
2.09,5.17,8.21
2.11,5.17,8.21
2.09,5.18,8.20
2.10,5.17,8.18
2.10,5.16,8.19
2.10,5.18,8.20
2.11,5.17,8.19
2.10,5.17,8.18
2.09,5.18,8.20
2.10,5.17,8.19
2.09,5.18,8.19
2.10,5.18,8.19
2.10,5.17,8.21
2.09,5.18,8.19
2.11,5.18,8.19
2.09,5.20,8.20
2.10,5.18,8.19
2.10,5.17,8.21
2.10,5.17,8.20
2.10,5.16,8.18
2.10,5.18,8.20
2.10,5.19,8.18
2.11,5.17,8.20
2.10,5.17,8.19
2.09,5.18,8.19
2.10,5.19,8.18
2.09,5.19,8.18
2.11,5.18,8.20
2.10,5.16,8.19
2.11,5.17,8.20
2.11,5.20,8.19
2.10,5.19,8.20
2.10,5.18,8.18
2.10,5.17,8.20
2.11,5.19,8.20
2.09,5.18,8.19
2.10,5.17,8.20
2.09,5.16,8.18
2.10,5.18,8.17
2.09,5.19,8.17
2.10,5.18,8.20
2.09,5.18,8.20
2.09,5.18,8.18
2.10,5.17,8.19
2.10,5.18,8.19
2.10,5.18,8.21
2.11,5.16,8.19
2.09,5.18,8.20
2.09,5.16,8.20
2.10,5.16,8.20
2.10,5.19,8.18
2.10,5.16,8.20
2.10,5.18,8.18
2.10,5.17,8.18
2.10,5.18,8.22
2.10,5.17,8.19
2.09,5.18,8.20
2.10,5.17,8.19
2.10,5.17,8.19
2.10,5.18,8.20
2.10,5.18,8.20
2.10,5.20,8.19
2.10,5.18,8.18
2.10,5.19,8.17
2.10,5.17,8.19
2.09,5.18,8.20
2.09,5.20,8.20
2.09,5.16,8.19
2.10,5.18,8.17
2.10,5.19,8.19
2.09,5.18,8.19
2.10,5.18,8.19
2.10,5.19,8.21
2.10,5.17,8.18
2.10,5.18,8.20
2.09,5.17,8.19
2.10,5.18,8.21
2.10,5.17,8.20
2.09,5.18,8.19
2.10,5.18,8.19
2.10,5.17,8.20
2.10,5.18,8.19
2.09,5.19,8.19
2.10,5.19,8.20
2.10,5.18,8.19
2.10,5.19,8.21
2.10,5.17,8.20
2.10,5.18,8.19
2.11,5.18,8.19
2.09,5.17,8.19
2.11,5.17,8.19
2.10,5.18,8.17
2.11,5.17,8.21
2.10,5.17,8.20
2.11,5.19,8.20
2.09,5.18,8.18
2.11,5.19,8.20
2.11,5.17,8.19
2.10,5.17,8.19
2.09,5.17,8.19
2.09,5.18,8.19
2.09,5.17,8.19
2.11,5.18,8.18
2.10,5.17,8.19
2.10,5.18,8.20
2.10,5.17,8.20
2.10,5.17,8.21
2.10,5.18,8.21
2.10,5.18,8.19
2.10,5.17,8.18
2.10,5.19,8.19
2.09,5.18,8.21
2.10,5.18,8.20
2.10,5.18,8.18
2.09,5.18,8.20
2.09,5.17,8.17
2.10,5.18,8.19
2.10,5.18,8.20
2.10,5.18,8.19
2.10,5.19,8.20
2.10,5.18,8.19
2.09,5.17,8.19
2.10,5.18,8.22
2.09,5.18,8.20
2.10,5.17,8.21
2.10,5.18,8.19
2.09,5.17,8.19
2.10,5.17,8.20
2.10,5.17,8.19
2.10,5.16,8.19
2.10,5.17,8.19
2.10,5.17,8.18
2.11,5.20,8.21
2.10,5.17,8.18
2.09,5.18,8.18
2.10,5.18,8.19
2.11,5.19,8.20
2.10,5.18,8.18
2.10,5.18,8.19
2.10,5.17,8.18
2.12,5.17,8.21
2.10,5.19,8.18
2.10,5.18,8.20
2.10,5.20,8.17
2.10,5.18,8.18
2.10,5.18,8.20
2.10,5.16,8.20
2.10,5.17,8.19
2.10,5.18,8.19
2.10,5.17,8.18
2.10,5.18,8.19
2.10,5.19,8.21
2.09,5.18,8.20
2.10,5.17,8.19
2.11,5.17,8.19
2.09,5.16,8.20
2.10,5.17,8.20
2.11,5.16,8.18
2.10,5.17,8.20
2.09,5.18,8.20
2.10,5.18,8.21
2.10,5.17,8.21
2.11,5.18,8.18
2.10,5.18,8.18
2.10,5.17,8.19
2.09,5.17,8.19
2.09,5.17,8.19
2.09,5.17,8.19
2.10,5.17,8.19
2.10,5.19,8.19
2.09,5.18,8.20
2.10,5.17,8.18
2.09,5.18,8.19
2.10,5.18,8.20
2.11,5.19,8.19
2.09,5.17,8.18
2.10,5.18,8.20
2.10,5.17,8.19
2.10,5.18,8.20
2.10,5.18,8.19
2.10,5.18,8.20
2.10,5.19,8.20
2.10,5.17,8.20
2.10,5.18,8.20
2.10,5.18,8.17
2.09,5.19,8.18
2.09,5.20,8.20
2.10,5.17,8.20
2.10,5.19,8.20
2.10,5.17,8.18
2.10,5.18,8.20
2.09,5.19,8.20
2.10,5.19,8.20
2.11,5.17,8.18
2.10,5.19,8.17
2.10,5.18,8.20
2.10,5.17,8.17
2.10,5.18,8.18
2.11,5.20,8.18
2.10,5.19,8.17
2.10,5.16,8.22
2.10,5.16,8.22
2.12,5.20,8.17
2.11,5.16,8.20
2.09,5.17,8.21
2.09,5.14,8.21
2.08,5.17,8.19
2.09,5.17,8.21
2.08,5.15,8.20
2.10,5.17,8.20
2.10,5.12,8.23
2.09,5.16,8.23
2.08,5.15,8.19
2.08,5.10,8.25
2.08,5.17,8.27
2.10,5.13,8.18
2.08,5.10,8.23
2.07,5.18,8.25
2.10,5.13,8.22
2.08,5.09,8.26
2.09,5.17,8.23
2.10,5.14,8.20
2.08,5.15,8.23
2.07,5.10,8.25
2.09,5.05,8.23
2.07,5.17,8.21
2.09,5.15,8.22
2.08,5.17,8.21
2.09,5.10,8.23
2.08,5.09,8.23
2.08,5.17,8.25
2.08,5.13,8.21
2.08,5.12,8.20
2.07,5.13,8.21
2.09,5.16,8.20
2.09,5.15,8.24
2.09,5.11,8.26
2.09,5.18,8.22
2.10,5.20,8.21
2.09,5.15,8.17
2.10,5.09,8.16
2.09,5.14,8.22
2.10,5.12,8.20
2.09,5.13,8.27
2.09,5.20,8.23
2.11,5.20,8.17
2.12,5.25,8.20
2.12,5.26,8.17
2.12,5.20,8.25
2.07,5.17,8.21
2.10,5.11,8.19
2.09,5.13,8.24
2.10,5.23,8.27
2.12,5.07,8.17
2.14,5.11,8.18
2.07,5.18,8.28
2.11,5.09,8.20
2.10,5.14,8.22
2.09,5.22,8.19
2.11,5.18,8.18
2.11,5.15,8.22
2.08,5.14,8.23
2.10,5.21,8.21
2.10,5.16,8.17
2.10,5.18,8.18
2.09,5.18,8.19
2.09,5.15,8.22
2.10,5.15,8.23
2.09,5.19,8.20
2.10,5.20,8.17
2.11,5.18,8.20
2.10,5.16,8.22
2.09,5.12,8.22
2.09,5.17,8.22
2.10,5.19,8.16
2.10,5.18,8.20
2.11,5.15,8.20
2.09,5.14,8.21
2.09,5.18,8.22
2.10,5.17,8.20
2.10,5.17,8.20
2.09,5.15,8.20
2.10,5.18,8.19
2.08,5.20,8.20
2.09,5.15,8.22
2.10,5.15,8.21
2.11,5.20,8.21
2.09,5.17,8.17
2.09,5.16,8.21
2.10,5.17,8.21
2.09,5.15,8.18
2.09,5.16,8.19
2.10,5.16,8.19
2.10,5.18,8.17
2.10,5.18,8.20
2.10,5.15,8.20
2.09,5.15,8.22
2.09,5.17,8.21
2.10,5.19,8.17
2.10,5.16,8.21
2.10,5.17,8.22
2.09,5.14,8.22
2.09,5.16,8.18
2.12,5.19,8.20
2.10,5.15,8.20
2.09,5.18,8.21
2.09,5.18,8.21
2.10,5.17,8.22
2.10,5.15,8.21
2.09,5.18,8.21
2.10,5.18,8.20
2.10,5.18,8.20
2.08,5.17,8.22
2.09,5.15,8.22
2.09,5.15,8.21
2.10,5.16,8.20
2.10,5.17,8.20
2.10,5.16,8.20
2.10,5.16,8.21
2.09,5.16,8.20
2.09,5.16,8.19
2.10,5.16,8.19
2.10,5.17,8.18
2.09,5.16,8.20
