-1.19,0.39,9.84
-1.19,0.39,9.82
-1.19,0.39,9.84
-1.18,0.40,9.83
-1.18,0.40,9.82
-1.18,0.41,9.82
-1.18,0.39,9.82
-1.16,0.40,9.83
-1.19,0.38,9.81
-1.18,0.40,9.83
-1.17,0.41,9.83
-1.19,0.38,9.82
-1.17,0.41,9.82
-1.20,0.41,9.83
-1.18,0.41,9.85
-1.19,0.41,9.83
-1.19,0.40,9.83
-1.17,0.42,9.81
-1.18,0.41,9.84
-1.19,0.39,9.80
-1.19,0.40,9.84
-1.19,0.39,9.82
-1.18,0.40,9.84
-1.17,0.40,9.83
-1.17,0.38,9.81
-1.18,0.41,9.80
-1.19,0.40,9.81
-1.17,0.40,9.82
-1.18,0.38,9.80
-1.16,0.40,9.82
-1.18,0.41,9.84
-1.18,0.39,9.82
-1.19,0.42,9.81
-1.17,0.39,9.81
-1.17,0.42,9.82
-1.19,0.40,9.83
-1.18,0.39,9.80
-1.19,0.40,9.82
-1.18,0.40,9.84
-1.19,0.39,9.82
-1.19,0.41,9.82
-1.18,0.39,9.83
-1.17,0.41,9.82
-1.18,0.38,9.84
-1.18,0.40,9.82
-1.19,0.41,9.80
-1.19,0.40,9.80
-1.18,0.41,9.81
-1.18,0.38,9.83
-1.18,0.39,9.82
-1.17,0.40,9.85
-1.17,0.39,9.80
-1.17,0.41,9.83
-1.18,0.40,9.81
-1.19,0.41,9.82
-1.19,0.42,9.83
-1.18,0.39,9.79
-1.17,0.42,9.85
-1.18,0.40,9.83
-1.19,0.39,9.82
-1.18,0.42,9.82
-1.19,0.40,9.81
-1.18,0.39,9.82
-1.17,0.41,9.82
-1.17,0.39,9.84
-1.19,0.40,9.79
-1.19,0.41,9.82
-1.19,0.38,9.82
-1.19,0.39,9.84
-1.19,0.40,9.79
-1.17,0.41,9.84
-1.17,0.43,9.83
-1.22,0.35,9.82
-1.21,0.37,9.83
-1.18,0.40,9.82
-1.16,0.41,9.84
-1.13,0.42,9.83
-1.18,0.40,9.79
-1.20,0.43,9.81
-1.19,0.41,9.83
-1.20,0.39,9.81
-1.16,0.41,9.83
-1.18,0.39,9.81
-1.20,0.40,9.82
-1.21,0.39,9.81
-1.19,0.39,9.81
-1.17,0.41,9.84
-1.14,0.41,9.75
-1.22,0.46,9.71
-1.13,0.46,9.77
-1.14,0.42,9.72
-1.04,0.46,9.90
-1.21,0.39,9.76
-1.17,0.39,9.80
-1.15,0.49,9.80
-1.14,0.47,9.82
-1.13,0.40,9.84
-1.21,0.33,9.86
-1.28,0.39,9.83
-1.24,0.42,9.83
-1.14,0.42,9.80
-1.15,0.39,9.84
-1.18,0.38,9.84
-1.23,0.41,9.84
-1.22,0.41,9.81
-1.17,0.38,9.81
-1.12,0.39,9.85
-1.18,0.39,9.84
-1.23,0.40,9.83
-1.23,0.40,9.81
-1.17,0.38,9.83
-1.11,0.41,9.83
-1.15,0.39,9.82
-1.21,0.40,9.83
-1.24,0.38,9.86
-1.20,0.38,9.85
-1.15,0.40,9.88
-1.13,0.43,9.82
-1.18,0.40,9.80
-1.20,0.40,9.81
-1.19,0.38,9.83
-1.14,0.43,9.80
-1.21,0.41,9.83
-1.21,0.39,9.83
-1.24,0.39,9.81
-1.18,0.43,9.85
-1.14,0.38,9.84
-1.19,0.40,9.84
-1.23,0.40,9.79
-1.21,0.40,9.79
-1.19,0.41,9.85
-1.15,0.39,9.79
-1.19,0.40,9.81
-1.21,0.38,9.85
-1.19,0.37,9.82
-1.19,0.42,9.85
-1.16,0.41,9.80
-1.17,0.40,9.82
-1.17,0.41,9.79
-1.18,0.40,9.83
-1.18,0.42,9.84
-1.18,0.37,9.83
-1.20,0.42,9.79
-1.19,0.43,9.79
-1.18,0.38,9.80
-1.20,0.39,9.84
-1.18,0.36,9.83
-1.15,0.41,9.81
-1.19,0.41,9.83
-1.16,0.39,9.83
-1.17,0.40,9.79
-1.17,0.42,9.83
-1.20,0.39,9.86
-1.20,0.36,9.81
-1.19,0.41,9.81
-1.14,0.46,9.85
-1.15,0.42,9.81
-1.21,0.34,9.83
-1.22,0.37,9.82
-1.20,0.41,9.79
-1.14,0.44,9.82
-1.13,0.39,9.81
-1.18,0.38,9.81
-1.22,0.42,9.82
-1.20,0.41,9.81
-1.19,0.43,9.81
-1.17,0.36,9.82
-1.16,0.38,9.84
-1.23,0.42,9.84
-1.19,0.40,9.83
-1.16,0.41,9.82
-1.17,0.37,9.84
-1.20,0.39,9.84
-1.25,0.37,9.93
-1.27,0.38,9.80
-1.23,0.34,9.87
-1.23,0.38,9.81
-1.18,0.44,9.81
-1.15,0.45,9.77
-1.24,0.39,9.79
-1.17,0.36,9.84
-1.13,0.40,9.83
-1.13,0.48,9.77
-1.27,0.35,9.87
-1.24,0.39,9.83
-1.19,0.43,9.81
-1.13,0.45,9.81
-1.17,0.38,9.83
-1.21,0.36,9.81
-1.23,0.43,9.82
-1.19,0.43,9.81
-1.13,0.42,9.81
-1.16,0.38,9.85
-1.19,0.36,9.82
-1.23,0.41,9.84
-1.19,0.42,9.84
-1.15,0.39,9.82
-1.17,0.39,9.86
-1.18,0.40,9.80
-1.19,0.46,9.78
-1.29,0.40,9.90
-1.18,0.31,9.88
-1.18,0.40,9.86
-1.15,0.46,9.87
-1.19,0.39,9.82
-1.24,0.37,9.85
-1.22,0.39,9.82
-1.13,0.43,9.82
-1.16,0.43,9.83
-1.19,0.39,9.83
-1.19,0.38,9.83
-1.18,0.41,9.84
-1.16,0.44,9.79
-1.12,0.39,9.80
-1.12,0.44,9.74
-1.19,0.43,9.79
-1.17,0.49,9.70
-1.12,0.39,9.86
-1.27,0.40,9.90
-1.42,0.27,9.84
-1.37,0.21,9.89
-1.15,0.48,9.75
-0.96,0.56,9.84
-1.00,0.45,9.76
-1.22,0.32,9.82
-1.37,0.34,9.80
-1.29,0.47,9.79
-1.03,0.51,9.77
-1.06,0.37,9.79
-1.16,0.29,9.88
-1.30,0.37,9.84
-1.33,0.48,9.74
-1.12,0.48,9.80
-1.07,0.31,9.85
-1.17,0.37,9.83
-1.29,0.42,9.80
-1.26,0.44,9.79
-1.24,0.43,9.84
-1.07,0.34,9.80
-1.14,0.40,9.85
-1.19,0.41,9.82
-1.26,0.40,9.84
-1.19,0.36,9.83
-1.15,0.36,9.85
-1.17,0.42,9.83
-1.23,0.40,9.83
-1.22,0.34,9.83
-1.15,0.37,9.83
-1.13,0.46,9.85
-1.18,0.41,9.82
-1.20,0.38,9.83
-1.19,0.38,9.82
-1.16,0.41,9.81
-1.11,0.45,9.82
-1.15,0.38,9.98
-1.24,0.25,9.99
-1.20,0.43,9.79
-1.11,0.45,9.80
-1.08,0.40,9.86
-1.17,0.39,9.82
-1.26,0.40,9.80
-1.16,0.41,9.83
-1.22,0.44,9.84
-1.18,0.42,9.86
-1.16,0.32,9.83
-1.25,0.39,9.83
-1.29,0.46,9.82
-1.20,0.32,9.94
-1.13,0.42,9.81
-1.23,0.36,9.87
-1.14,0.39,9.80
-1.20,0.42,9.79
-1.17,0.40,9.86
-1.11,0.36,9.87
-1.19,0.44,9.78
-1.28,0.45,9.94
-1.12,0.30,9.97
-1.12,0.50,9.67
-1.06,0.45,9.85
-1.02,0.52,9.62
-1.35,0.39,9.83
-1.19,0.43,9.72
-1.34,0.28,9.90
-1.22,0.37,9.97
-1.32,0.31,9.92
-1.21,0.33,10.00
-1.39,0.30,9.93
-1.14,0.35,9.87
-1.05,0.50,9.77
-1.12,0.40,9.89
-1.04,0.45,9.76
-1.18,0.44,9.79
-1.06,0.44,9.77
-1.15,0.47,9.78
-1.24,0.37,9.84
-1.17,0.38,9.82
-1.24,0.40,9.81
-1.21,0.41,9.91
-1.16,0.35,9.90
-1.17,0.40,9.79
-1.20,0.44,9.83
-1.07,0.44,9.75
-1.18,0.39,9.83
-1.17,0.39,9.84
-1.20,0.37,9.81
-1.19,0.47,9.82
-1.15,0.39,9.83
-1.19,0.38,9.82
-1.22,0.39,9.81
-1.21,0.43,9.84
-1.17,0.42,9.84
-1.15,0.37,9.84
-1.16,0.39,9.83
-1.19,0.40,9.82
-1.19,0.43,9.81
-1.19,0.41,9.83
-1.15,0.38,9.81
-1.16,0.42,9.83
-1.19,0.41,9.81
-1.20,0.42,9.83
-1.19,0.40,9.83
-1.18,0.38,9.81
-1.16,0.43,9.81
-1.18,0.42,9.81
-1.19,0.40,9.81
-1.19,0.39,9.84
-1.17,0.40,9.81
-1.18,0.44,9.80
-1.20,0.40,9.82
-1.19,0.38,9.84
-1.19,0.40,9.84
-1.19,0.41,9.81
-1.17,0.42,9.82
-1.19,0.38,9.82
-1.20,0.40,9.79
-1.19,0.41,9.85
-1.19,0.40,9.83
-1.17,0.41,9.82
-1.17,0.38,9.81
-1.18,0.41,9.81
-1.18,0.41,9.82
-1.18,0.39,9.83
-1.18,0.39,9.83
-1.19,0.40,9.82
-1.17,0.41,9.81
-1.19,0.40,9.82
-1.19,0.39,9.81
-1.18,0.40,9.84
-1.17,0.40,9.79
-1.18,0.42,9.81
-1.18,0.40,9.81
-1.18,0.39,9.80
-1.17,0.41,9.84
-1.18,0.36,9.83
-1.18,0.40,9.82
-1.20,0.41,9.85
-1.18,0.38,9.81
-1.18,0.41,9.79
-1.18,0.40,9.81
-1.19,0.41,9.82
-1.18,0.41,9.83
-1.18,0.39,9.81
-1.17,0.39,9.84
-1.18,0.39,9.81
-1.18,0.42,9.84
-1.19,0.40,9.83
-1.18,0.39,9.83
-1.18,0.42,9.84
-1.17,0.40,9.82
-1.18,0.40,9.83
-1.18,0.38,9.84
-1.18,0.42,9.83
-1.19,0.39,9.81
-1.18,0.41,9.82
-1.18,0.40,9.84
-1.18,0.39,9.80
-1.18,0.41,9.81
-1.18,0.39,9.81
-1.18,0.40,9.83
-1.20,0.41,9.82
-1.18,0.39,9.80
-1.18,0.42,9.84
-1.17,0.39,9.84
-1.18,0.40,9.80
-1.19,0.41,9.82
-1.19,0.39,9.79
-1.18,0.41,9.81
-1.18,0.40,9.83
-1.18,0.41,9.82
-1.19,0.40,9.84
-1.19,0.38,9.83
-1.18,0.41,9.81
-1.18,0.39,9.81
-1.17,0.42,9.82
-1.18,0.40,9.82
-1.18,0.39,9.82
-1.19,0.41,9.83
-1.17,0.38,9.84
-1.17,0.41,9.81
-1.17,0.39,9.81
-1.18,0.40,9.79
-1.19,0.43,9.83
-1.18,0.39,9.80
-1.18,0.39,9.82
-1.18,0.38,9.78
-1.19,0.38,9.83
-1.19,0.41,9.82
-1.19,0.38,9.82
-1.17,0.41,9.82
-1.19,0.43,9.83
-1.19,0.40,9.83
-1.18,0.41,9.81
-1.17,0.38,9.81
-1.18,0.40,9.83
-1.17,0.40,9.82
-1.19,0.39,9.82
-1.19,0.41,9.84
-1.19,0.40,9.81
-1.18,0.40,9.82
-1.19,0.41,9.82
-1.18,0.40,9.81
-1.18,0.41,9.81
-1.17,0.38,9.81
-1.19,0.41,9.82
-1.19,0.40,9.84
-1.18,0.40,9.81
-1.17,0.40,9.82
-1.18,0.38,9.81
-1.18,0.42,9.83
-1.18,0.38,9.84
-1.18,0.41,9.82
-1.17,0.40,9.83
-1.19,0.41,9.81
-1.19,0.41,9.83
-1.19,0.39,9.82
-1.19,0.41,9.84
-1.19,0.38,9.80
-1.18,0.41,9.83
-1.18,0.40,9.83
-1.17,0.40,9.80
-1.17,0.41,9.82
-1.18,0.39,9.79
-1.19,0.41,9.82
-1.18,0.40,9.83
-1.17,0.38,9.83
-1.18,0.40,9.82
-1.19,0.39,9.81
-1.19,0.40,9.79
-1.19,0.40,9.81
-1.19,0.38,9.81
-1.18,0.40,9.81
-1.17,0.40,9.84
-1.17,0.41,9.83
-1.18,0.40,9.82
-1.17,0.39,9.79
-1.18,0.42,9.82
-1.19,0.40,9.83
-1.19,0.41,9.84
-1.19,0.40,9.82
-1.18,0.39,9.83
-1.18,0.42,9.83
-1.19,0.39,9.81
-1.19,0.40,9.80
-1.18,0.40,9.84
-1.19,0.39,9.82
-1.17,0.41,9.82
-1.17,0.39,9.82
-1.19,0.40,9.84
-1.18,0.39,9.84
-1.18,0.38,9.80
-1.18,0.40,9.83
-1.18,0.38,9.83
-1.18,0.42,9.84
-1.19,0.40,9.80
-1.18,0.40,9.80
-1.19,0.42,9.84
-1.18,0.39,9.81
-1.18,0.43,9.82
-1.18,0.39,9.83
-1.19,0.40,9.82
-1.18,0.43,9.83
-1.19,0.39,9.84
-1.18,0.41,9.85
-1.19,0.38,9.82
-1.18,0.40,9.81
-1.18,0.42,9.83
-1.18,0.39,9.81
-1.18,0.40,9.83
-1.18,0.39,9.80
-1.17,0.40,9.82
-1.19,0.42,9.82
-1.18,0.41,9.83
-1.18,0.40,9.84
-1.18,0.41,9.83
-1.19,0.41,9.82
-1.17,0.37,9.79
-1.17,0.41,9.84
-1.18,0.41,9.81
-1.17,0.41,9.84
-1.19,0.41,9.82
-1.18,0.40,9.80
-1.20,0.42,9.83
-1.19,0.40,9.80
-1.17,0.39,9.79
-1.17,0.40,9.82
-1.18,0.40,9.83
-1.18,0.39,9.82
-1.19,0.40,9.81
-1.18,0.40,9.81
-1.18,0.43,9.84
-1.18,0.40,9.84
-1.19,0.40,9.82
-1.19,0.40,9.83
-1.18,0.40,9.82
-1.18,0.40,9.80
-1.19,0.38,9.84
-1.18,0.42,9.81
-1.18,0.39,9.84
-1.18,0.39,9.80
-1.19,0.41,9.82
-1.18,0.40,9.80
-1.18,0.41,9.85
-1.17,0.38,9.82
-1.19,0.42,9.83
-1.19,0.41,9.80
-1.19,0.39,9.83
-1.18,0.40,9.80
-1.20,0.39,9.83
-1.18,0.42,9.82
-1.18,0.40,9.83
-1.19,0.38,9.79
-1.18,0.42,9.83
-1.18,0.40,9.84
-1.18,0.40,9.84
-1.18,0.41,9.83
-1.17,0.40,9.80
-1.17,0.42,9.84
-1.18,0.39,9.82
-1.18,0.38,9.81
-1.18,0.40,9.82
-1.19,0.40,9.84
-1.17,0.41,9.83
-1.19,0.39,9.82
-1.18,0.40,9.83
-1.17,0.40,9.82
-1.18,0.39,9.81
-1.19,0.40,9.81
-1.19,0.39,9.81
-1.18,0.40,9.84
-1.19,0.40,9.83
-1.18,0.39,9.76
-1.19,0.42,9.83
-1.18,0.40,9.81
-1.19,0.40,9.82
-1.17,0.39,9.80
-1.17,0.40,9.83
-1.19,0.40,9.83
-1.17,0.40,9.82
-1.18,0.42,9.82
-1.19,0.38,9.82
-1.19,0.41,9.84
-1.18,0.40,9.82
-1.19,0.40,9.81
-1.17,0.41,9.86
-1.18,0.39,9.81
-1.19,0.41,9.82
-1.19,0.39,9.83
-1.19,0.40,9.83
-1.17,0.41,9.82
-1.19,0.39,9.81
-1.18,0.39,9.85
-1.19,0.40,9.84
-1.19,0.39,9.82
-1.19,0.42,9.84
-1.18,0.39,9.79
-1.19,0.41,9.80
-1.18,0.40,9.84
-1.19,0.40,9.82
-1.19,0.42,9.82
-1.19,0.38,9.82
-1.18,0.41,9.81
-1.19,0.41,9.83
-1.18,0.41,9.83
-1.19,0.41,9.85
-1.19,0.39,9.82
-1.19,0.41,9.81
-1.17,0.41,9.81
-1.18,0.37,9.82
-1.19,0.40,9.81
-1.19,0.39,9.80
-1.17,0.40,9.84
-1.19,0.39,9.82
-1.18,0.40,9.80
-1.17,0.42,9.82
-1.18,0.40,9.82
-1.19,0.43,9.81
-1.19,0.39,9.80
-1.18,0.39,9.82
-1.18,0.40,9.85
-1.19,0.39,9.84
-1.17,0.39,9.83
-1.18,0.41,9.80
-1.18,0.40,9.82
-1.18,0.39,9.82
-1.19,0.39,9.81
-1.17,0.41,9.81
-1.18,0.39,9.82
-1.19,0.40,9.81
-1.18,0.41,9.83
-1.18,0.40,9.82
-1.19,0.40,9.81
-1.18,0.39,9.82
-1.18,0.40,9.83
-1.18,0.42,9.82
-1.19,0.40,9.82
-1.18,0.40,9.81
-1.19,0.41,9.82
-1.18,0.40,9.84
-1.18,0.39,9.82
-1.18,0.42,9.83
-1.19,0.40,9.84
-1.19,0.41,9.80
-1.18,0.38,9.82
-1.19,0.39,9.82
-1.17,0.40,9.84
-1.19,0.38,9.83
-1.18,0.39,9.81
-1.19,0.39,9.82
-1.19,0.40,9.80
-1.18,0.41,9.83
-1.18,0.38,9.81
-1.18,0.39,9.82
-1.18,0.41,9.85
-1.18,0.39,9.83
-1.19,0.42,9.84
-1.18,0.39,9.81
-1.18,0.40,9.83
-1.18,0.40,9.82
-1.18,0.40,9.83
-1.18,0.41,9.85
-1.20,0.39,9.82
-1.19,0.40,9.80
-1.19,0.40,9.83
-1.19,0.40,9.82
-1.18,0.41,9.80
-1.19,0.38,9.83
-1.18,0.39,9.82
-1.19,0.43,9.84
-1.20,0.41,9.80
-1.18,0.39,9.81
-1.19,0.38,9.78
-1.21,0.41,9.84
-1.22,0.39,9.83
-1.18,0.40,9.82
-1.23,0.40,9.82
-1.21,0.37,9.86
-1.19,0.42,9.82
-1.22,0.41,9.80
-1.17,0.34,9.84
-1.18,0.36,9.90
-1.17,0.41,9.84
-1.22,0.39,9.83
-1.16,0.43,9.80
-1.19,0.43,9.78
-1.21,0.40,9.82
-1.15,0.42,9.72
-1.24,0.44,9.76
-1.27,0.37,9.83
-1.21,0.44,9.74
-1.29,0.36,9.87
-1.22,0.36,9.79
-1.27,0.39,9.85
-1.19,0.37,9.86
-1.24,0.36,9.87
-1.21,0.39,9.88
-1.11,0.45,9.75
-1.21,0.41,9.83
-1.13,0.43,9.79
-1.19,0.42,9.78
-1.10,0.40,9.80
-1.19,0.43,9.81
-1.18,0.40,9.84
-1.18,0.41,9.80
-1.19,0.40,9.86
-1.15,0.41,9.79
-1.17,0.43,9.81
-1.12,0.41,9.86
-1.16,0.40,9.74
-1.18,0.44,9.82
-1.17,0.42,9.79
-1.18,0.36,9.88
-1.19,0.41,9.75
-1.26,0.38,9.80
-1.17,0.46,9.83
-1.20,0.34,9.82
-1.20,0.36,9.87
-1.20,0.37,9.93
-1.22,0.32,9.93
-1.18,0.41,9.86
-1.10,0.46,9.73
-1.15,0.45,9.79
-1.13,0.44,9.76
-1.25,0.42,9.81
-1.15,0.46,9.81
-1.25,0.35,9.83
-1.24,0.38,9.79
-1.10,0.42,9.76
-1.21,0.48,9.71
-1.13,0.51,9.86
-1.12,0.39,9.74
-1.23,0.39,9.95
-1.17,0.34,9.92
-1.19,0.41,9.84
-1.14,0.41,9.89
-1.13,0.32,9.86
-1.18,0.44,9.85
-1.09,0.41,9.83
-1.15,0.34,9.86
-1.20,0.41,9.85
-1.22,0.36,9.84
-1.14,0.40,9.84
-1.17,0.41,9.86
-1.20,0.36,9.86
-1.18,0.41,9.85
-1.21,0.38,9.81
-1.14,0.40,9.82
-1.18,0.40,9.80
-1.20,0.40,9.81
-1.17,0.41,9.82
-1.17,0.36,9.80
-1.20,0.41,9.83
-1.19,0.40,9.80
-1.19,0.40,9.80
-1.20,0.40,9.82
-1.18,0.38,9.82
-1.18,0.42,9.84
-1.18,0.40,9.82
-1.19,0.42,9.84
-1.18,0.40,9.79
-1.17,0.44,9.81
-1.20,0.40,9.80
-1.18,0.40,9.81
-1.19,0.41,9.83
-1.19,0.41,9.79
-1.16,0.45,9.78
-1.23,0.39,9.78
-1.21,0.33,9.90
-1.18,0.37,9.87
-1.22,0.43,9.74
-1.21,0.40,9.70
-1.22,0.40,9.86
-1.25,0.31,9.96
-1.26,0.36,9.90
-1.21,0.39,9.76
-1.22,0.37,9.90
-1.18,0.44,9.62
-1.13,0.55,9.61
-1.22,0.44,9.79
-1.32,0.25,9.91
-1.39,0.40,9.80
-1.21,0.25,10.09
-1.08,0.51,9.78
-1.21,0.40,10.03
-0.97,0.47,9.58
-1.25,0.45,9.83
-1.11,0.50,9.69
-1.23,0.34,9.88
-1.21,0.43,9.79
-1.22,0.32,9.86
-1.29,0.41,9.83
-1.31,0.44,9.82
-1.21,0.29,10.03
-1.03,0.45,9.69
-1.12,0.47,9.57
-1.17,0.54,9.77
-1.23,0.24,9.89
-1.21,0.33,9.81
-1.26,0.38,9.91
-1.12,0.37,9.79
-1.27,0.43,9.85
-1.17,0.37,9.86
-1.15,0.32,9.83
-1.21,0.44,9.79
-1.24,0.44,9.76
-1.17,0.40,9.85
-1.17,0.37,9.86
-1.18,0.38,9.82
-1.18,0.43,9.81
-1.21,0.44,9.79
-1.18,0.39,9.84
-1.17,0.38,9.80
-1.21,0.40,9.84
-1.15,0.41,9.81
-1.19,0.39,9.81
-1.19,0.42,9.82
-1.16,0.37,9.85
-1.16,0.40,9.84
-1.18,0.41,9.82
-1.19,0.38,9.85
-1.18,0.39,9.82
-1.18,0.40,9.83
-1.19,0.41,9.83
-1.19,0.41,9.80
-1.17,0.40,9.81
-1.18,0.40,9.84
-1.18,0.40,9.84
-1.20,0.42,9.84
-1.18,0.39,9.80
-1.17,0.40,9.82
-1.18,0.40,9.81
-1.19,0.40,9.84
-1.19,0.40,9.81
-1.18,0.40,9.81
-1.17,0.41,9.84
-1.19,0.38,9.84
-1.18,0.40,9.82
-1.20,0.40,9.82
-1.17,0.40,9.80
-1.16,0.42,9.84
-1.19,0.40,9.80
-1.18,0.40,9.81
-1.19,0.42,9.82
-1.18,0.40,9.80
-1.19,0.41,9.82
-1.19,0.39,9.86
-1.18,0.39,9.84
-1.19,0.41,9.83
-1.17,0.40,9.81
-1.19,0.40,9.82
-1.18,0.39,9.82
-1.17,0.40,9.81
-1.18,0.41,9.83
-1.19,0.38,9.81
-1.19,0.40,9.81
-1.19,0.40,9.82
-1.17,0.38,9.81
-1.19,0.41,9.80
-1.18,0.40,9.82
-1.16,0.40,9.83
-1.18,0.40,9.82
-1.18,0.39,9.82
-1.20,0.41,9.82
-1.19,0.38,9.82
-1.18,0.39,9.82
-1.19,0.39,9.81
-1.18,0.43,9.84
-1.18,0.41,9.84
-1.18,0.39,9.79
-1.19,0.39,9.82
-1.19,0.38,9.81
-1.19,0.40,9.81
-1.19,0.40,9.83
-1.19,0.39,9.81
-1.18,0.41,9.81
-1.17,0.40,9.82
-1.17,0.40,9.81
-1.18,0.40,9.84
-1.17,0.38,9.80
-1.18,0.42,9.84
-1.18,0.40,9.80
-1.17,0.41,9.82
-1.18,0.39,9.81
-1.19,0.42,9.83
-1.20,0.40,9.82
-1.18,0.40,9.83
-1.17,0.40,9.81
-1.20,0.39,9.83
-1.18,0.42,9.83
-1.18,0.39,9.81
-1.17,0.40,9.81
-1.18,0.41,9.84
-1.18,0.40,9.83
-1.19,0.42,9.84
-1.19,0.39,9.82
-1.18,0.38,9.82
-1.18,0.41,9.84
-1.17,0.39,9.80
-1.18,0.40,9.80
-1.19,0.37,9.83
-1.18,0.40,9.84
-1.19,0.40,9.82
-1.19,0.38,9.83
-1.17,0.41,9.83
-1.19,0.40,9.83
-1.17,0.42,9.81
-1.20,0.40,9.81
-1.17,0.38,9.82
-1.18,0.41,9.84
-1.19,0.40,9.83
-1.19,0.39,9.82
-1.19,0.40,9.83
-1.17,0.40,9.80
-1.19,0.40,9.85
-1.20,0.40,9.81
-1.19,0.39,9.84
-1.19,0.42,9.86
-1.17,0.39,9.81
-1.19,0.41,9.81
-1.19,0.39,9.80
-1.19,0.39,9.83
-1.17,0.40,9.82
-1.19,0.40,9.80
-1.19,0.43,9.82
-1.19,0.40,9.80
-1.19,0.40,9.83
-1.18,0.38,9.82
-1.20,0.41,9.82
-1.19,0.42,9.83
-1.18,0.38,9.81
-1.18,0.40,9.82
-1.19,0.40,9.81
-1.17,0.41,9.83
-1.19,0.40,9.81
-1.19,0.38,9.82
-1.19,0.39,9.83
-1.19,0.42,9.84
-1.17,0.40,9.81
-1.18,0.40,9.83
-1.20,0.39,9.81
-1.19,0.43,9.82
-1.20,0.40,9.83
-1.18,0.40,9.82
-1.20,0.40,9.80
-1.19,0.40,9.82
-1.17,0.40,9.83
-1.17,0.39,9.82
-1.19,0.42,9.82
-1.19,0.40,9.80
-1.18,0.39,9.83
-1.18,0.41,9.86
-1.17,0.39,9.83
-1.16,0.41,9.83
-1.18,0.39,9.80
-1.18,0.40,9.85
-1.18,0.38,9.79
-1.16,0.39,9.81
-1.19,0.41,9.84
-1.19,0.38,9.82
-1.19,0.39,9.83
-1.19,0.41,9.83
-1.18,0.40,9.81
-1.19,0.40,9.81
-1.19,0.40,9.84
-1.19,0.40,9.82
-1.19,0.41,9.84
-1.17,0.41,9.80
-1.17,0.41,9.81
-1.18,0.40,9.81
-1.19,0.40,9.83
-1.18,0.40,9.85
-1.17,0.37,9.82
-1.17,0.40,9.84
-1.18,0.38,9.80
-1.18,0.38,9.84
-1.18,0.39,9.82
-1.19,0.39,9.83
-1.18,0.40,9.83
-1.19,0.40,9.83
-1.18,0.39,9.82
-1.19,0.40,9.82
-1.18,0.39,9.84
-1.18,0.40,9.81
-1.19,0.39,9.81
-1.17,0.40,9.84
-1.19,0.39,9.83
-1.18,0.40,9.83
-1.17,0.40,9.82
-1.20,0.39,9.81
-1.18,0.40,9.84
-1.19,0.39,9.83
-1.19,0.39,9.82
-1.19,0.43,9.84
-1.18,0.38,9.82
-1.18,0.40,9.84
-1.18,0.40,9.82
-1.18,0.40,9.85
-1.18,0.42,9.82
-1.17,0.38,9.81
-1.19,0.41,9.84
-1.18,0.41,9.83
-1.19,0.39,9.79
-1.18,0.41,9.83
-1.19,0.40,9.80
-1.19,0.39,9.80
-1.16,0.39,9.81
-1.18,0.39,9.85
-1.17,0.40,9.82
-1.18,0.40,9.82
-1.19,0.41,9.82
-1.18,0.39,9.83
-1.17,0.41,9.84
-1.18,0.40,9.82
-1.17,0.40,9.80
-1.19,0.40,9.83
-1.19,0.39,9.81
-1.17,0.39,9.83
-1.18,0.39,9.83
-1.17,0.41,9.83
-1.18,0.40,9.83
-1.18,0.40,9.82
-1.19,0.40,9.82
-1.19,0.40,9.84
-1.18,0.40,9.82
-1.18,0.38,9.81
-1.17,0.40,9.83
-1.18,0.42,9.84
-1.19,0.39,9.81
-1.17,0.40,9.81
-1.19,0.40,9.81
-1.18,0.40,9.82
-1.18,0.42,9.83
-1.18,0.39,9.81
-1.18,0.42,9.84
-1.21,0.39,9.83
-1.18,0.39,9.83
-1.19,0.41,9.83
-1.17,0.39,9.80
-1.19,0.43,9.84
-1.19,0.39,9.82
-1.18,0.39,9.81
-1.17,0.40,9.82
-1.18,0.40,9.81
-1.19,0.40,9.82
-1.18,0.38,9.82
-1.20,0.40,9.82
-1.18,0.40,9.83
-1.18,0.40,9.84
-1.16,0.41,9.84
-1.19,0.39,9.81
-1.19,0.40,9.84
-1.19,0.40,9.79
-1.18,0.39,9.82
-1.17,0.42,9.83
-1.18,0.37,9.81
-1.17,0.41,9.82
-1.19,0.39,9.81
-1.18,0.40,9.83
-1.18,0.40,9.84
-1.17,0.38,9.83
-1.19,0.42,9.83
-1.19,0.40,9.84
-1.18,0.39,9.81
-1.18,0.41,9.81
-1.18,0.38,9.81
-1.19,0.41,9.82
-1.18,0.37,9.81
-1.19,0.40,9.81
-1.19,0.40,9.84
-1.17,0.38,9.81
-1.19,0.40,9.80
-1.18,0.38,9.82
-1.18,0.41,9.80
-1.19,0.39,9.81
-1.16,0.40,9.81
-1.18,0.40,9.81
-1.18,0.41,9.81
-1.18,0.42,9.81
-1.20,0.38,9.82
-1.17,0.38,9.81
-1.17,0.42,9.84
-1.18,0.40,9.82
-1.19,0.39,9.80
-1.19,0.40,9.83
-1.17,0.40,9.81
-1.18,0.41,9.84
-1.19,0.39,9.82
-1.19,0.40,9.83
-1.19,0.39,9.83
-1.19,0.41,9.81
-1.18,0.41,9.84
-1.19,0.39,9.80
-1.17,0.41,9.84
-1.20,0.42,9.82
-1.18,0.40,9.82
-1.17,0.41,9.82
-1.17,0.38,9.82
-1.19,0.41,9.82
-1.20,0.41,9.81
-1.18,0.40,9.84
-1.19,0.40,9.83
-1.19,0.38,9.81
-1.19,0.40,9.82
-1.20,0.40,9.80
-1.19,0.39,9.82
-1.18,0.41,9.84
-1.18,0.38,9.79
-1.18,0.42,9.84
-1.18,0.40,9.80
-1.19,0.39,9.80
-1.19,0.42,9.83
-1.18,0.39,9.83
-1.19,0.41,9.81
-1.19,0.40,9.82
-1.17,0.38,9.81
-1.19,0.43,9.83
-1.17,0.40,9.81
-1.19,0.39,9.81
-1.18,0.41,9.82
-1.19,0.40,9.83
-1.18,0.41,9.83
-1.19,0.40,9.81
-1.17,0.39,9.82
-1.18,0.40,9.82
-1.18,0.39,9.82
-1.18,0.40,9.80
-1.19,0.40,9.82
-1.19,0.41,9.83
-1.19,0.37,9.80
-1.19,0.41,9.82
-1.17,0.39,9.85
-1.18,0.39,9.82
-1.19,0.41,9.83
-1.19,0.38,9.80
-1.18,0.41,9.83
-1.18,0.41,9.82
-1.18,0.40,9.84
-1.19,0.43,9.84
-1.19,0.40,9.81
-1.19,0.40,9.83
-1.19,0.41,9.82
-1.18,0.41,9.84
-1.19,0.41,9.83
-1.16,0.37,9.82
-1.18,0.41,9.83
-1.19,0.40,9.82
-1.19,0.39,9.82
-1.19,0.39,9.82
-1.18,0.39,9.82
-1.18,0.40,9.84
-1.19,0.40,9.83
-1.18,0.38,9.80
-1.19,0.40,9.83
-1.18,0.39,9.80
-1.18,0.40,9.80
-1.19,0.39,9.79
-1.18,0.39,9.82
-1.18,0.42,9.84
-1.18,0.39,9.79
-1.18,0.41,9.80
-1.19,0.39,9.83
-1.19,0.38,9.82
-1.18,0.40,9.83
-1.18,0.40,9.82
-1.19,0.40,9.82
-1.20,0.40,9.83
-1.18,0.40,9.82
-1.19,0.39,9.83
-1.18,0.39,9.82
-1.19,0.41,9.84
-1.19,0.40,9.83
-1.18,0.40,9.84
-1.19,0.42,9.83
-1.19,0.40,9.82
-1.19,0.41,9.81
-1.19,0.38,9.84
-1.17,0.39,9.83
-1.19,0.40,9.84
-1.18,0.40,9.82
-1.18,0.41,9.82
-1.18,0.40,9.82
-1.19,0.39,9.80
-1.19,0.42,9.83
-1.19,0.40,9.81
-1.18,0.42,9.84
-1.20,0.39,9.80
-1.19,0.40,9.86
-1.18,0.41,9.85
-1.20,0.39,9.82
-1.18,0.38,9.81
-1.17,0.41,9.82
-1.17,0.40,9.83
-1.19,0.39,9.82
-1.19,0.40,9.82
-1.19,0.38,9.83
-1.17,0.39,9.82
-1.17,0.41,9.84
-1.19,0.41,9.82
-1.18,0.41,9.84
-1.19,0.38,9.80
-1.18,0.41,9.83
-1.19,0.40,9.82
-1.19,0.40,9.84
-1.18,0.41,9.81
-1.19,0.39,9.82
-1.18,0.40,9.83
-1.18,0.40,9.84
-1.19,0.40,9.82
-1.18,0.40,9.83
-1.19,0.39,9.83
-1.18,0.40,9.80
-1.19,0.40,9.86
-1.19,0.39,9.82
-1.18,0.40,9.82
-1.17,0.40,9.81
-1.18,0.41,9.81
-1.19,0.40,9.85
-1.18,0.39,9.81
-1.20,0.41,9.82
-1.18,0.42,9.81
-1.18,0.43,9.83
-1.19,0.40,9.83
-1.18,0.39,9.83
-1.18,0.40,9.82
-1.18,0.40,9.82
-1.19,0.40,9.84
-1.20,0.39,9.82
-1.19,0.40,9.83
-1.18,0.41,9.85
-1.17,0.37,9.81
-1.17,0.40,9.82
-1.19,0.41,9.84
-1.18,0.40,9.81
-1.19,0.40,9.80
-1.18,0.40,9.82
-1.19,0.41,9.84
-1.19,0.40,9.84
-1.18,0.40,9.82
-1.17,0.39,9.82
-1.19,0.41,9.82
-1.17,0.40,9.81
-1.19,0.40,9.82
-1.19,0.39,9.82
-1.17,0.40,9.83
-1.19,0.38,9.82
-1.18,0.40,9.82
-1.18,0.41,9.84
-1.17,0.39,9.80
-1.20,0.40,9.82
-1.18,0.38,9.81
-1.19,0.42,9.84
-1.18,0.39,9.81
-1.18,0.41,9.83
-1.19,0.41,9.83
-1.19,0.40,9.83
-1.18,0.41,9.82
-1.18,0.39,9.80
-1.18,0.42,9.82
-1.19,0.38,9.81
-1.18,0.41,9.82
-1.18,0.40,9.79
-1.17,0.39,9.82
-1.18,0.40,9.83
-1.18,0.40,9.84
-1.18,0.41,9.82
-1.19,0.39,9.81
-1.17,0.38,9.81
-1.19,0.41,9.83
-1.19,0.39,9.82
-1.18,0.39,9.81
-1.18,0.40,9.81
-1.19,0.40,9.82
-1.19,0.42,9.83
-1.21,0.40,9.80
-1.18,0.40,9.82
-1.18,0.39,9.81
-1.19,0.39,9.83
-1.18,0.41,9.82
-1.19,0.40,9.82
-1.19,0.38,9.81
-1.19,0.42,9.85
-1.17,0.39,9.83
-1.17,0.42,9.82
-1.19,0.40,9.83
-1.17,0.40,9.84
-1.18,0.41,9.85
-1.17,0.39,9.80
-1.18,0.42,9.81
-1.19,0.39,9.81
-1.17,0.39,9.82
-1.19,0.39,9.81
-1.18,0.39,9.82
-1.18,0.42,9.83
-1.20,0.38,9.79
-1.18,0.39,9.83
-1.18,0.42,9.82
-1.18,0.39,9.81
-1.19,0.40,9.82
-1.18,0.38,9.79
-1.17,0.40,9.81
-1.19,0.42,9.81
-1.19,0.40,9.83
-1.20,0.41,9.80
-1.18,0.40,9.82
-1.17,0.39,9.83
-1.19,0.40,9.82
-1.19,0.39,9.83
-1.18,0.41,9.83
-1.19,0.39,9.84
-1.19,0.40,9.82
-1.18,0.40,9.83
-1.18,0.38,9.82
-1.19,0.38,9.79
-1.20,0.41,9.82
-1.19,0.42,9.83
-1.18,0.38,9.82
-1.18,0.40,9.81
-1.18,0.38,9.81
-1.18,0.42,9.80
-1.19,0.41,9.83
-1.18,0.40,9.84
-1.18,0.40,9.80
-1.18,0.40,9.82
-1.19,0.42,9.83
-1.19,0.41,9.82
-1.18,0.40,9.82
-1.19,0.40,9.82
-1.20,0.39,9.81
-1.19,0.41,9.81
-1.19,0.40,9.84
-1.19,0.37,9.80
-1.19,0.41,9.82
-1.18,0.41,9.82
-1.19,0.42,9.82
-1.19,0.38,9.83
-1.18,0.39,9.83
-1.19,0.42,9.83
-1.19,0.39,9.83
-1.19,0.40,9.81
-1.19,0.41,9.84
-1.18,0.41,9.81
-1.19,0.41,9.82
-1.18,0.40,9.80
-1.20,0.39,9.83
-1.19,0.41,9.82
-1.18,0.39,9.83
-1.21,0.41,9.82
-1.19,0.39,9.80
-1.19,0.41,9.84
-1.19,0.39,9.81
-1.19,0.39,9.80
-1.18,0.41,9.85
-1.20,0.39,9.82
-1.18,0.41,9.82
-1.18,0.40,9.81
-1.18,0.40,9.82
-1.19,0.41,9.84
-1.18,0.39,9.82
-1.18,0.40,9.82
-1.18,0.41,9.81
-1.19,0.40,9.84
-1.19,0.40,9.81
-1.18,0.37,9.80
-1.19,0.41,9.82
-1.19,0.40,9.83
-1.18,0.41,9.83
-1.19,0.41,9.80
-1.19,0.40,9.83
-1.18,0.41,9.83
-1.20,0.39,9.83
-1.18,0.38,9.82
-1.18,0.40,9.81
-1.19,0.38,9.83
-1.19,0.40,9.81
-1.19,0.39,9.80
-1.19,0.41,9.79
-1.19,0.39,9.82
-1.17,0.40,9.82
-1.19,0.39,9.81
-1.18,0.39,9.79
-1.19,0.40,9.84
-1.19,0.40,9.83
-1.18,0.40,9.85
-1.19,0.40,9.82
-1.17,0.40,9.80
-1.19,0.43,9.82
-1.19,0.38,9.83
-1.18,0.41,9.82
-1.18,0.40,9.81
-1.18,0.39,9.82
-1.20,0.43,9.83
-1.18,0.39,9.81
-1.19,0.41,9.83
-1.18,0.41,9.84
-1.19,0.40,9.83
-1.20,0.40,9.81
-1.18,0.38,9.83
-1.19,0.41,9.83
-1.18,0.40,9.82
-1.17,0.39,9.82
-1.19,0.40,9.82
-1.18,0.39,9.82
-1.17,0.41,9.81
-1.18,0.38,9.81
-1.19,0.40,9.84
-1.18,0.40,9.83
-1.19,0.38,9.83
-1.17,0.40,9.84
-1.17,0.40,9.83
-1.19,0.39,9.81
-1.18,0.40,9.81
-1.20,0.39,9.82
-1.18,0.40,9.82
-1.18,0.40,9.83
-1.17,0.39,9.83
-1.19,0.44,9.82
-1.17,0.40,9.83
-1.18,0.40,9.84
-1.19,0.38,9.81
-1.17,0.41,9.81
-1.19,0.41,9.85
-1.18,0.39,9.82
-1.19,0.40,9.82
-1.18,0.40,9.82
-1.20,0.40,9.82
-1.20,0.42,9.84
-1.19,0.38,9.82
-1.18,0.39,9.83
-1.17,0.41,9.80
-1.17,0.40,9.82
-1.19,0.41,9.80
-1.20,0.38,9.80
-1.19,0.40,9.81
-1.19,0.41,9.82
-1.20,0.39,9.83
-1.17,0.40,9.79
-1.18,0.40,9.82
-1.17,0.37,9.79
-1.18,0.41,9.84
-1.20,0.40,9.81
-1.18,0.38,9.79
-1.18,0.41,9.83
-1.17,0.40,9.82
-1.19,0.41,9.82
-1.19,0.40,9.82
-1.19,0.38,9.82
-1.18,0.42,9.82
-1.19,0.40,9.80
-1.18,0.38,9.79
-1.19,0.40,9.81
-1.17,0.39,9.82
-1.17,0.41,9.82
-1.20,0.38,9.81
-1.18,0.39,9.81
-1.19,0.40,9.82
-1.18,0.39,9.81
-1.18,0.41,9.84
-1.20,0.39,9.83
-1.19,0.39,9.81
-1.19,0.41,9.82
-1.19,0.40,9.81
-1.17,0.40,9.83
-1.17,0.40,9.80
-1.19,0.39,9.82
-1.18,0.41,9.81
-1.18,0.40,9.79
-1.17,0.40,9.82
-1.18,0.38,9.82
-1.17,0.39,9.80
-1.19,0.40,9.83
-1.19,0.40,9.83
-1.18,0.40,9.81
-1.18,0.39,9.84
-1.17,0.42,9.83
-1.19,0.40,9.84
-1.19,0.40,9.81
-1.18,0.42,9.82
-1.18,0.39,9.83
-1.17,0.40,9.80
-1.20,0.42,9.82
-1.19,0.40,9.83
-1.18,0.40,9.82
-1.18,0.41,9.83
-1.19,0.40,9.83
-1.19,0.41,9.84
-1.18,0.38,9.83
-1.19,0.40,9.82
-1.18,0.39,9.83
-1.18,0.40,9.85
-1.18,0.40,9.80
-1.18,0.39,9.82
-1.19,0.40,9.82
-1.20,0.41,9.83
-1.19,0.37,9.81
-1.19,0.40,9.84
-1.15,0.39,9.82
-1.18,0.40,9.82
-1.17,0.40,9.81
-1.17,0.39,9.81
-1.18,0.38,9.81
-1.18,0.41,9.85
-1.19,0.39,9.80
-1.19,0.39,9.80
-1.19,0.41,9.83
-1.18,0.41,9.82
-1.18,0.39,9.84
-1.18,0.39,9.79
-1.19,0.39,9.84
-1.18,0.40,9.83
-1.18,0.39,9.81
-1.19,0.41,9.83
-1.18,0.40,9.82
-1.18,0.39,9.83
-1.17,0.41,9.82
-1.18,0.39,9.81
-1.17,0.41,9.82
-1.19,0.38,9.79
-1.18,0.38,9.84
-1.18,0.41,9.84
-1.19,0.38,9.82
-1.17,0.40,9.81
-1.18,0.39,9.82
-1.18,0.40,9.83
-1.18,0.41,9.84
-1.19,0.39,9.81
-1.19,0.41,9.81
-1.19,0.39,9.82
-1.19,0.39,9.81
-1.19,0.40,9.82
-1.18,0.39,9.81
-1.18,0.40,9.82
-1.18,0.38,9.81
-1.18,0.41,9.82
-1.19,0.41,9.85
-1.19,0.39,9.79
-1.18,0.41,9.81
-1.18,0.39,9.82
-1.19,0.40,9.83
-1.18,0.41,9.86
-1.18,0.38,9.80
-1.18,0.40,9.82
-1.18,0.41,9.83
-1.19,0.40,9.81
-1.18,0.38,9.83
-1.17,0.39,9.83
-1.19,0.43,9.83
-1.17,0.40,9.82
-1.18,0.41,9.81
-1.19,0.40,9.83
-1.19,0.39,9.81
-1.19,0.41,9.83
-1.20,0.39,9.81
-1.16,0.40,9.82
-1.18,0.41,9.84
-1.18,0.39,9.83
-1.18,0.42,9.84
-1.19,0.38,9.83
-1.18,0.40,9.83
-1.19,0.38,9.80
-1.17,0.42,9.81
-1.17,0.39,9.81
-1.18,0.40,9.84
-1.18,0.41,9.83
-1.18,0.41,9.84
-1.19,0.40,9.85
-1.19,0.39,9.82
-1.19,0.43,9.83
-1.18,0.40,9.83
-1.19,0.40,9.81
-1.18,0.41,9.83
-1.20,0.39,9.79
-1.19,0.40,9.77
-1.18,0.40,9.82
-1.19,0.39,9.81
-1.19,0.41,9.83
-1.21,0.39,9.82
-1.18,0.39,9.82
-1.19,0.39,9.83
-1.19,0.39,9.81
-1.19,0.41,9.81
-1.19,0.40,9.81
-1.18,0.40,9.83
-1.19,0.39,9.81
-1.17,0.40,9.80
-1.18,0.41,9.81
-1.19,0.39,9.83
-1.18,0.39,9.83
-1.19,0.37,9.79
-1.19,0.40,9.82
-1.18,0.43,9.81
-1.18,0.39,9.81
-1.17,0.41,9.84
-1.18,0.39,9.83
-1.19,0.40,9.84
-1.21,0.41,9.83
-1.19,0.38,9.83
-1.16,0.40,9.83
-1.19,0.40,9.83
-1.18,0.39,9.83
-1.19,0.42,9.82
-1.18,0.39,9.81
-1.18,0.40,9.84
-1.19,0.40,9.83
-1.18,0.41,9.82
-1.19,0.40,9.82
-1.18,0.39,9.75
-1.16,0.40,9.84
-1.19,0.41,9.84
-1.19,0.40,9.83
-1.19,0.42,9.82
-1.18,0.38,9.79
-1.18,0.41,9.83
-1.19,0.41,9.82
-1.19,0.40,9.81
-1.19,0.42,9.83
-1.19,0.38,9.81
-1.19,0.40,9.77
-1.20,0.40,9.84
-1.19,0.39,9.82
-1.20,0.41,9.83
-1.19,0.40,9.80
-1.19,0.40,9.81
-1.19,0.38,9.79
-1.18,0.41,9.83
-1.17,0.41,9.84
-1.19,0.38,9.80
-1.17,0.41,9.84
-1.18,0.40,9.83
-1.18,0.41,9.83
-1.19,0.40,9.83
-1.18,0.40,9.83
-1.18,0.40,9.83
-1.21,0.39,9.84
-1.18,0.40,9.83
-1.18,0.41,9.81
-1.17,0.38,9.81
-1.18,0.42,9.81
-1.20,0.40,9.82
-1.19,0.42,9.84
-1.19,0.41,9.81
-1.17,0.39,9.80
-1.18,0.41,9.82
-1.18,0.39,9.81
-1.19,0.39,9.81
-1.19,0.40,9.81
-1.17,0.40,9.81
-1.18,0.41,9.85
-1.17,0.39,9.82
-1.18,0.40,9.82
-1.19,0.41,9.85
-1.20,0.40,9.80
-1.18,0.41,9.82
-1.19,0.39,9.83
-1.18,0.41,9.85
-1.19,0.39,9.82
-1.19,0.39,9.83
-1.18,0.40,9.83
-1.18,0.40,9.80
-1.18,0.41,9.84
-1.18,0.39,9.80
-1.18,0.39,9.83
-1.18,0.41,9.84
-1.17,0.39,9.80
-1.19,0.40,9.82
-1.20,0.39,9.84
-1.17,0.38,9.81
-1.17,0.41,9.84
-1.18,0.39,9.82
-1.19,0.41,9.81
-1.19,0.40,9.82
-1.18,0.39,9.82
-1.18,0.43,9.84
-1.18,0.39,9.82
-1.19,0.41,9.83
-1.19,0.40,9.82
-1.19,0.39,9.82
-1.19,0.41,9.81
-1.18,0.40,9.82
-1.19,0.40,9.84
-1.19,0.39,9.80
-1.17,0.39,9.82
-1.19,0.39,9.82
-1.18,0.42,9.83
-1.18,0.41,9.83
-1.19,0.40,9.81
-1.18,0.41,9.82
-1.18,0.39,9.81
-1.18,0.41,9.83
-1.19,0.39,9.83
-1.18,0.40,9.82
-1.19,0.40,9.80
-1.19,0.39,9.83
-1.18,0.42,9.82
-1.19,0.39,9.80
-1.18,0.40,9.81
-1.19,0.40,9.82
-1.19,0.40,9.84
-1.19,0.43,9.84
-1.19,0.38,9.82
-1.19,0.39,9.82
-1.18,0.40,9.83
-1.19,0.40,9.80
-1.18,0.40,9.82
-1.19,0.39,9.85
-1.18,0.39,9.81
-1.19,0.41,9.83
-1.20,0.40,9.81
-1.18,0.40,9.82
-1.19,0.40,9.82
-1.19,0.40,9.83
-1.19,0.40,9.82
-1.18,0.40,9.81
-1.20,0.41,9.84
-1.18,0.39,9.83
-1.17,0.38,9.83
-1.19,0.39,9.81
-1.19,0.40,9.83
-1.18,0.41,9.84
-1.20,0.39,9.82
-1.19,0.41,9.84
-1.18,0.39,9.83
-1.19,0.39,9.82
-1.19,0.40,9.82
-1.19,0.39,9.84
-1.17,0.39,9.80
-1.18,0.41,9.84
-1.19,0.40,9.82
-1.18,0.42,9.84
-1.19,0.40,9.81
-1.18,0.38,9.84
-1.18,0.40,9.84
-1.19,0.40,9.81
-1.19,0.40,9.84
-1.19,0.40,9.83
-1.18,0.40,9.83
-1.19,0.41,9.82
-1.19,0.40,9.83
-1.19,0.39,9.84
-1.17,0.38,9.84
-1.16,0.40,9.82
-1.20,0.40,9.85
-1.18,0.40,9.80
-1.18,0.40,9.80
-1.19,0.40,9.83
-1.18,0.39,9.81
-1.19,0.41,9.84
-1.19,0.40,9.83
-1.19,0.39,9.81
-1.18,0.40,9.84
-1.19,0.39,9.81
-1.19,0.40,9.83
-1.19,0.40,9.81
-1.18,0.39,9.82
-1.18,0.40,9.80
-1.19,0.37,9.81
-1.18,0.39,9.82
-1.19,0.41,9.83
-1.19,0.38,9.80
-1.17,0.41,9.80
-1.18,0.41,9.81
-1.18,0.41,9.81
-1.19,0.41,9.83
-1.19,0.39,9.82
-1.18,0.40,9.84
-1.18,0.40,9.83
-1.19,0.40,9.81
-1.19,0.40,9.80
-1.19,0.40,9.83
-1.17,0.41,9.83
-1.18,0.37,9.81
-1.19,0.40,9.83
-1.19,0.41,9.82
-1.17,0.38,9.81
-1.18,0.41,9.83
-1.19,0.39,9.80
-1.18,0.42,9.84
-1.18,0.39,9.85
-1.19,0.37,9.82
-1.17,0.41,9.82
-1.19,0.40,9.83
-1.18,0.40,9.81
-1.19,0.40,9.83
-1.18,0.40,9.79
-1.18,0.41,9.84
-1.19,0.41,9.81
-1.20,0.39,9.83
-1.19,0.40,9.84
-1.18,0.39,9.81
-1.18,0.40,9.83
-1.18,0.38,9.79
-1.18,0.40,9.83
-1.18,0.40,9.83
-1.18,0.39,9.81
-1.16,0.42,9.83
-1.19,0.40,9.82
-1.19,0.40,9.81
-1.19,0.40,9.81
-1.18,0.39,9.80
-1.20,0.42,9.79
-1.19,0.40,9.83
-1.18,0.42,9.82
-1.19,0.39,9.81
-1.19,0.39,9.81
-1.17,0.40,9.82
-1.19,0.39,9.81
-1.18,0.39,9.82
-1.18,0.39,9.80
-1.18,0.41,9.81
-1.19,0.39,9.83
-1.20,0.40,9.81
-1.19,0.39,9.82
-1.19,0.39,9.80
-1.20,0.41,9.84
-1.20,0.40,9.82
-1.17,0.40,9.81
-1.17,0.41,9.81
-1.18,0.40,9.83
-1.19,0.42,9.83
-1.17,0.38,9.81
-1.18,0.41,9.83
-1.19,0.41,9.81
-1.19,0.40,9.82
-1.19,0.41,9.83
-1.18,0.38,9.82
-1.18,0.42,9.83
-1.17,0.38,9.81
-1.18,0.39,9.81
-1.20,0.41,9.83
-1.19,0.40,9.80
-1.18,0.40,9.82
-1.20,0.39,9.81
-1.17,0.41,9.77
-1.19,0.42,9.85
-1.19,0.38,9.82
-1.19,0.40,9.83
-1.18,0.40,9.83
-1.19,0.40,9.80
-1.18,0.40,9.79
-1.18,0.38,9.83
-1.19,0.42,9.82
-1.19,0.39,9.81
-1.18,0.42,9.81
-1.18,0.41,9.83
-1.19,0.38,9.84
-1.18,0.39,9.81
-1.19,0.41,9.79
-1.19,0.39,9.81
-1.18,0.41,9.84
-1.19,0.38,9.81
-1.18,0.40,9.83
-1.19,0.42,9.83
-1.18,0.39,9.82
-1.18,0.40,9.82
-1.19,0.38,9.79
-1.19,0.40,9.79
-1.20,0.41,9.84
-1.19,0.40,9.80
-1.19,0.41,9.82
-1.19,0.39,9.80
-1.17,0.40,9.82
-1.19,0.40,9.83
-1.19,0.40,9.81
-1.20,0.40,9.81
-1.19,0.38,9.82
-1.18,0.41,9.82
-1.18,0.39,9.81
-1.19,0.41,9.80
-1.18,0.40,9.81
-1.19,0.41,9.85
-1.19,0.40,9.82
-1.18,0.38,9.83
-1.20,0.41,9.81
-1.18,0.39,9.82
-1.18,0.41,9.81
-1.19,0.39,9.81
-1.19,0.38,9.81
-1.18,0.42,9.82
-1.18,0.39,9.82
-1.16,0.40,9.81
-1.18,0.39,9.83
-1.19,0.40,9.81
-1.18,0.41,9.82
-1.19,0.39,9.81
-1.18,0.40,9.85
-1.19,0.39,9.84
-1.18,0.37,9.79
-1.19,0.43,9.84
-1.19,0.40,9.84
-1.19,0.41,9.81
-1.19,0.40,9.79
-1.17,0.37,9.83
-1.18,0.41,9.85
-1.19,0.40,9.82
-1.19,0.41,9.81
-1.18,0.40,9.81
-1.17,0.39,9.82
-1.18,0.41,9.83
-1.19,0.39,9.79
-1.17,0.41,9.79
-1.18,0.39,9.81
-1.18,0.40,9.81
-1.18,0.40,9.83
-1.19,0.40,9.83
-1.19,0.41,9.82
-1.19,0.40,9.81
-1.19,0.39,9.81
-1.19,0.40,9.82
-1.20,0.38,9.81
-1.19,0.40,9.86
-1.19,0.40,9.79
-1.19,0.41,9.81
-1.20,0.41,9.83
-1.18,0.38,9.82
-1.18,0.41,9.81
-1.20,0.40,9.82
-1.18,0.40,9.83
-1.19,0.40,9.79
-1.19,0.39,9.81
-1.18,0.40,9.82
-1.19,0.41,9.80
-1.18,0.40,9.82
-1.19,0.41,9.82
-1.19,0.39,9.80
-1.18,0.40,9.83
-1.18,0.37,9.84
-1.19,0.40,9.81
-1.18,0.40,9.82
-1.18,0.41,9.82
-1.18,0.39,9.82
-1.19,0.40,9.81
-1.19,0.40,9.82
-1.18,0.38,9.80
-1.19,0.40,9.83
-1.18,0.39,9.81
-1.19,0.40,9.81
-1.19,0.42,9.83
-1.18,0.39,9.80
-1.17,0.42,9.82
-1.19,0.40,9.82
-1.17,0.41,9.82
-1.19,0.39,9.81
-1.19,0.38,9.81
-1.18,0.40,9.83
-1.18,0.40,9.86
-1.20,0.38,9.83
-1.19,0.39,9.82
-1.19,0.40,9.84
-1.19,0.41,9.85
-1.18,0.40,9.85
-1.19,0.41,9.84
-1.18,0.42,9.83
-1.19,0.38,9.82
-1.18,0.40,9.85
-1.19,0.38,9.81
-1.18,0.40,9.82
-1.19,0.40,9.81
-1.18,0.40,9.83
-1.18,0.41,9.85
-1.18,0.41,9.81
-1.18,0.42,9.82
-1.19,0.40,9.82
-1.19,0.40,9.83
-1.19,0.40,9.83
-1.19,0.39,9.81
-1.19,0.40,9.84
-1.19,0.39,9.82
-1.19,0.41,9.83
-1.17,0.41,9.82
-1.19,0.41,9.81
-1.19,0.39,9.81
-1.19,0.39,9.81
-1.18,0.41,9.80
-1.18,0.38,9.83
-1.19,0.42,9.82
-1.18,0.40,9.81
-1.18,0.38,9.80
-1.19,0.40,9.83
-1.19,0.38,9.83
-1.19,0.40,9.83
-1.19,0.40,9.84
-1.19,0.40,9.83
-1.18,0.41,9.83
-1.19,0.39,9.80
-1.18,0.40,9.83
-1.19,0.38,9.79
-1.19,0.41,9.82
-1.19,0.40,9.81
-1.18,0.40,9.84
-1.20,0.39,9.84
-1.19,0.40,9.84
-1.18,0.38,9.81
-1.18,0.40,9.82
-1.19,0.39,9.82
-1.19,0.40,9.81
-1.19,0.41,9.81
-1.18,0.40,9.79
-1.19,0.42,9.84
-1.19,0.39,9.82
-1.19,0.40,9.84
-1.19,0.39,9.81
-1.20,0.39,9.83
-1.18,0.42,9.82
-1.18,0.38,9.82
-1.18,0.42,9.84
-1.19,0.40,9.82
-1.17,0.40,9.82
-1.19,0.38,9.83
-1.20,0.40,9.83
-1.19,0.41,9.81
-1.18,0.41,9.82
-1.19,0.40,9.82
-1.19,0.39,9.83
-1.19,0.39,9.81
-1.19,0.40,9.81
-1.19,0.40,9.79
-1.18,0.40,9.82
-1.18,0.40,9.81
-1.18,0.42,9.83
-1.19,0.38,9.82
-1.19,0.39,9.83
-1.19,0.42,9.84
-1.20,0.39,9.82
-1.18,0.41,9.82
-1.18,0.39,9.81
-1.19,0.40,9.84
-1.19,0.40,9.79
-1.19,0.39,9.80
-1.19,0.40,9.82
-1.18,0.39,9.84
-1.19,0.42,9.83
-1.19,0.40,9.81
-1.19,0.39,9.83
-1.17,0.38,9.84
-1.19,0.40,9.83
-1.19,0.41,9.83
-1.18,0.39,9.83
-1.18,0.42,9.83
-1.18,0.39,9.79
-1.19,0.40,9.81
-1.18,0.40,9.81
-1.20,0.39,9.84
-1.19,0.42,9.85
-1.18,0.39,9.81
-1.20,0.41,9.84
-1.18,0.39,9.83
-1.19,0.38,9.81
-1.17,0.41,9.83
-1.20,0.37,9.83
-1.19,0.39,9.82
-1.18,0.41,9.84
-1.18,0.37,9.83
-1.19,0.41,9.83
-1.18,0.40,9.82
-1.19,0.40,9.82
-1.19,0.40,9.81
-1.19,0.38,9.84
-1.18,0.41,9.84
-1.19,0.39,9.83
-1.19,0.41,9.82
-1.18,0.41,9.81
-1.19,0.39,9.81
-1.19,0.40,9.84
-1.19,0.37,9.80
-1.19,0.42,9.85
-1.19,0.39,9.81
-1.20,0.42,9.82
-1.19,0.40,9.81
-1.19,0.40,9.83
-1.18,0.41,9.82
-1.19,0.38,9.81
-1.18,0.41,9.82
-1.18,0.41,9.83
-1.19,0.38,9.83
-1.17,0.41,9.83
-1.19,0.38,9.81
-1.18,0.41,9.86
-1.19,0.40,9.80
-1.18,0.40,9.82
-1.18,0.40,9.82
-1.19,0.39,9.82
-1.18,0.41,9.83
-1.19,0.39,9.80
-1.20,0.41,9.83
-1.19,0.39,9.81
-1.19,0.41,9.83
-1.19,0.40,9.80
-1.19,0.39,9.81
-1.17,0.40,9.82
-1.19,0.38,9.81
-1.19,0.41,9.84
-1.19,0.39,9.82
-1.18,0.40,9.82
-1.18,0.41,9.82
-1.18,0.37,9.80
-1.18,0.40,9.82
-1.19,0.40,9.85
-1.19,0.40,9.82
-1.17,0.39,9.84
-1.19,0.39,9.83
-1.18,0.40,9.82
-1.21,0.38,9.82
-1.20,0.41,9.83
-1.19,0.40,9.80
-1.20,0.39,9.84
-1.18,0.40,9.82
-1.18,0.38,9.83
-1.19,0.40,9.82
-1.19,0.39,9.80
-1.18,0.41,9.85
-1.18,0.39,9.80
-1.18,0.38,9.80
-1.19,0.40,9.83
-1.19,0.40,9.83
-1.20,0.39,9.82
-1.19,0.40,9.82
-1.19,0.39,9.81
-1.19,0.39,9.82
-1.19,0.39,9.82
-1.18,0.39,9.83
-1.19,0.41,9.82
-1.20,0.40,9.84
-1.18,0.40,9.83
-1.18,0.39,9.81
-1.17,0.41,9.84
-1.18,0.39,9.82
-1.19,0.40,9.83
-1.18,0.40,9.81
-1.19,0.40,9.80
-1.18,0.42,9.83
-1.18,0.38,9.81
-1.18,0.42,9.82
-1.18,0.39,9.82
-1.19,0.38,9.80
-1.18,0.39,9.85
-1.19,0.39,9.82
-1.19,0.40,9.83
-1.19,0.40,9.82
-1.18,0.41,9.86
-1.19,0.38,9.82
-1.19,0.39,9.82
-1.19,0.38,9.80
-1.18,0.38,9.81
-1.17,0.42,9.83
-1.19,0.39,9.81
-1.18,0.43,9.84
-1.17,0.38,9.83
-1.18,0.39,9.83
-1.17,0.40,9.85
-1.19,0.38,9.84
-1.21,0.42,9.84
-1.19,0.39,9.82
-1.19,0.40,9.82
-1.19,0.39,9.84
-1.19,0.40,9.83
-1.19,0.39,9.83
-1.18,0.39,9.81
-1.20,0.41,9.82
-1.20,0.39,9.81
-1.18,0.41,9.82
-1.17,0.40,9.83
-1.19,0.39,9.81
-1.18,0.39,9.80
-1.18,0.39,9.81
-1.20,0.41,9.86
-1.19,0.40,9.83
-1.19,0.41,9.82
-1.17,0.40,9.82
-1.20,0.38,9.82
-1.19,0.41,9.83
-1.19,0.39,9.81
-1.19,0.41,9.82
-1.19,0.39,9.83
-1.19,0.39,9.80
-1.19,0.39,9.83
-1.18,0.41,9.82
-1.17,0.37,9.82
-1.19,0.40,9.82
-1.17,0.40,9.81
-1.19,0.41,9.82
-1.19,0.40,9.81
-1.18,0.40,9.84
-1.18,0.41,9.83
-1.19,0.37,9.82
-1.19,0.40,9.82
-1.18,0.38,9.82
-1.19,0.41,9.81
-1.19,0.40,9.82
-1.18,0.40,9.85
-1.19,0.41,9.84
-1.19,0.39,9.82
-1.18,0.40,9.83
-1.19,0.41,9.82
-1.19,0.40,9.80
-1.18,0.43,9.84
-1.20,0.39,9.83
-1.18,0.41,9.81
-1.18,0.38,9.82
-1.18,0.41,9.82
-1.19,0.41,9.82
-1.19,0.41,9.83
-1.18,0.40,9.82
-1.19,0.40,9.82
-1.18,0.41,9.83
-1.17,0.39,9.82
-1.18,0.41,9.84
-1.19,0.41,9.83
-1.19,0.40,9.81
-1.19,0.40,9.83
-1.19,0.39,9.82
-1.19,0.42,9.86
-1.18,0.40,9.82
-1.19,0.39,9.83
-1.18,0.39,9.83
-1.19,0.38,9.82
-1.18,0.40,9.83
-1.21,0.40,9.81
-1.18,0.42,9.85
-1.17,0.40,9.79
-1.20,0.40,9.81
-1.16,0.39,9.81
-1.20,0.39,9.84
-1.19,0.41,9.84
-1.18,0.41,9.80
-1.17,0.39,9.79
-1.19,0.41,9.80
-1.19,0.38,9.83
-1.19,0.40,9.82
-1.19,0.39,9.81
-1.17,0.39,9.83
-1.19,0.39,9.81
-1.19,0.40,9.82
-1.18,0.40,9.82
-1.19,0.37,9.81
-1.19,0.39,9.80
-1.18,0.40,9.81
-1.20,0.38,9.79
-1.19,0.40,9.80
-1.19,0.38,9.80
-1.19,0.41,9.82
-1.18,0.39,9.83
-1.19,0.39,9.80
-1.18,0.40,9.81
-1.20,0.38,9.80
-1.19,0.41,9.82
-1.19,0.39,9.79
-1.19,0.40,9.82
-1.20,0.40,9.83
-1.19,0.39,9.84
-1.19,0.40,9.83
-1.18,0.39,9.83
-1.19,0.40,9.81
-1.18,0.41,9.85
-1.19,0.40,9.82
-1.18,0.43,9.81
-1.18,0.38,9.82
-1.18,0.41,9.84
-1.19,0.39,9.81
-1.18,0.41,9.81
-1.19,0.42,9.80
-1.20,0.40,9.82
-1.19,0.41,9.87
-1.18,0.38,9.81
-1.19,0.41,9.82
-1.18,0.40,9.82
-1.19,0.40,9.82
-1.18,0.40,9.82
-1.19,0.40,9.82
-1.19,0.40,9.83
-1.19,0.37,9.81
-1.19,0.41,9.83
-1.17,0.39,9.80
-1.20,0.40,9.82
-1.19,0.40,9.80
-1.20,0.39,9.83
-1.19,0.41,9.82
-1.18,0.40,9.80
-1.19,0.40,9.82
-1.19,0.38,9.80
-1.19,0.39,9.82
-1.19,0.41,9.83
-1.17,0.39,9.82
-1.19,0.40,9.80
-1.17,0.39,9.83
-1.20,0.41,9.82
-1.17,0.41,9.83
-1.19,0.39,9.81
-1.18,0.41,9.82
-1.18,0.40,9.80
-1.19,0.39,9.81
-1.19,0.39,9.83
-1.19,0.40,9.81
-1.19,0.41,9.83
-1.19,0.40,9.82
-1.18,0.39,9.82
-1.18,0.39,9.83
-1.18,0.38,9.81
-1.19,0.41,9.83
-1.19,0.41,9.82
-1.19,0.39,9.84
-1.18,0.41,9.82
-1.19,0.40,9.81
-1.18,0.39,9.81
-1.19,0.40,9.81
-1.17,0.40,9.82
-1.19,0.40,9.83
-1.19,0.40,9.83
-1.19,0.41,9.83
-1.18,0.39,9.83
-1.19,0.40,9.83
-1.19,0.39,9.82
-1.20,0.39,9.82
-1.19,0.40,9.84
-1.19,0.38,9.82
-1.17,0.41,9.80
-1.19,0.39,9.83
-1.18,0.40,9.82
-1.18,0.39,9.81
-1.19,0.40,9.83
-1.17,0.40,9.84
-1.19,0.38,9.83
-1.19,0.40,9.81
-1.19,0.38,9.81
-1.19,0.39,9.84
-1.19,0.41,9.80
-1.19,0.39,9.83
-1.18,0.42,9.85
-1.18,0.38,9.80
-1.20,0.40,9.84
-1.19,0.39,9.81
-1.21,0.39,9.82
-1.19,0.40,9.83
-1.19,0.40,9.80
-1.18,0.41,9.81
-1.19,0.40,9.81
-1.19,0.40,9.81
-1.19,0.40,9.82
-1.19,0.40,9.79
-1.19,0.40,9.82
-1.19,0.40,9.83
-1.18,0.42,9.83
-1.18,0.39,9.80
-1.19,0.39,9.80
-1.18,0.41,9.82
-1.18,0.39,9.81
-1.18,0.41,9.81
-1.18,0.40,9.81
-1.19,0.41,9.82
-1.18,0.39,9.80
-1.19,0.40,9.84
-1.19,0.41,9.82
-1.19,0.39,9.81
-1.19,0.41,9.84
-1.19,0.39,9.82
-1.19,0.42,9.81
-1.20,0.40,9.84
-1.18,0.39,9.81
-1.18,0.40,9.81
-1.19,0.41,9.81
-1.19,0.39,9.82
-1.18,0.41,9.84
-1.19,0.39,9.80
-1.19,0.40,9.82
-1.19,0.40,9.79
-1.19,0.41,9.81
-1.19,0.40,9.83
-1.19,0.39,9.82
-1.18,0.41,9.82
-1.19,0.38,9.81
-1.19,0.39,9.83
-1.19,0.39,9.83
-1.19,0.39,9.82
-1.19,0.42,9.81
-1.18,0.38,9.80
-1.19,0.40,9.82
-1.19,0.38,9.83
-1.20,0.40,9.81
-1.19,0.41,9.81
-1.17,0.38,9.81
-1.19,0.42,9.83
-1.19,0.40,9.81
-1.19,0.40,9.81
-1.17,0.39,9.82
-1.20,0.40,9.84
-1.17,0.40,9.82
-1.18,0.40,9.82
-1.19,0.40,9.80
-1.19,0.39,9.80
-1.20,0.41,9.83
-1.19,0.39,9.81
-1.20,0.40,9.82
-1.17,0.41,9.80
-1.19,0.40,9.81
-1.19,0.40,9.84
-1.18,0.38,9.81
-1.19,0.41,9.82
-1.19,0.40,9.83
-1.19,0.40,9.82
-1.19,0.41,9.81
-1.17,0.40,9.84
-1.18,0.40,9.83
-1.19,0.39,9.80
-1.19,0.40,9.82
-1.18,0.41,9.82
-1.19,0.38,9.82
-1.19,0.41,9.82
-1.18,0.40,9.80
-1.19,0.41,9.80
-1.19,0.40,9.83
-1.18,0.38,9.83
-1.19,0.41,9.84
-1.18,0.39,9.80
-1.19,0.39,9.83
-1.19,0.40,9.80
-1.19,0.40,9.85
-1.19,0.41,9.83
-1.18,0.40,9.81
-1.18,0.40,9.83
-1.18,0.39,9.84
-1.19,0.39,9.81
-1.19,0.40,9.82
-1.18,0.40,9.82
-1.18,0.38,9.82
-1.20,0.40,9.84
-1.18,0.40,9.82
-1.19,0.39,9.80
-1.18,0.40,9.80
-1.20,0.39,9.82
-1.19,0.40,9.83
-1.18,0.39,9.82
-1.19,0.40,9.85
-1.19,0.39,9.83
-1.19,0.40,9.83
-1.19,0.40,9.84
-1.18,0.38,9.81
-1.19,0.40,9.83
-1.19,0.39,9.83
-1.19,0.40,9.81
-1.19,0.40,9.82
-1.19,0.39,9.83
-1.18,0.40,9.81
-1.18,0.38,9.82
-1.19,0.39,9.83
-1.19,0.41,9.85
-1.19,0.39,9.83
-1.18,0.42,9.85
-1.19,0.38,9.80
-1.17,0.41,9.81
-1.18,0.40,9.83
-1.19,0.39,9.84
-1.18,0.40,9.80
-1.18,0.40,9.84
-1.18,0.42,9.84
-1.18,0.39,9.81
-1.17,0.40,9.83
-1.19,0.38,9.81
-1.19,0.40,9.82
-1.19,0.42,9.83
-1.18,0.39,9.80
-1.19,0.41,9.83
-1.17,0.39,9.82
-1.20,0.41,9.83
-1.18,0.40,9.79
-1.20,0.39,9.82
-1.18,0.42,9.85
-1.19,0.39,9.82
-1.18,0.41,9.82
-1.19,0.39,9.80
-1.19,0.39,9.83
-1.18,0.40,9.82
-1.19,0.40,9.83
-1.18,0.41,9.81
-1.18,0.39,9.81
-1.19,0.40,9.79
-1.17,0.39,9.80
-1.19,0.39,9.84
-1.18,0.40,9.83
-1.18,0.39,9.84
-1.21,0.41,9.83
-1.18,0.39,9.80
-1.19,0.40,9.81
-1.18,0.41,9.81
-1.19,0.40,9.82
-1.19,0.40,9.83
-1.19,0.39,9.81
-1.19,0.39,9.79
-1.19,0.41,9.82
-1.19,0.40,9.81
-1.19,0.40,9.84
-1.19,0.39,9.84
-1.19,0.39,9.83
-1.18,0.40,9.83
-1.19,0.40,9.82
-1.19,0.42,9.84
-1.19,0.39,9.81
-1.20,0.42,9.84
-1.18,0.41,9.81
-1.18,0.40,9.81
-1.18,0.40,9.80
-1.19,0.39,9.80
-1.18,0.41,9.84
-1.18,0.41,9.81
-1.20,0.41,9.84
-1.17,0.40,9.82
-1.19,0.38,9.82
-1.17,0.40,9.83
-1.19,0.39,9.81
-1.19,0.41,9.81
-1.18,0.40,9.83
-1.19,0.39,9.84
-1.19,0.39,9.81
-1.19,0.40,9.82
-1.17,0.40,9.84
-1.17,0.39,9.82
-1.19,0.40,9.83
-1.19,0.38,9.82
-1.18,0.41,9.81
-1.19,0.41,9.81
-1.19,0.40,9.82
-1.19,0.41,9.85
-1.19,0.38,9.80
-1.19,0.40,9.83
-1.18,0.40,9.81
-1.19,0.38,9.81
-1.18,0.42,9.81
-1.18,0.39,9.80
-1.19,0.40,9.84
-1.19,0.40,9.83
-1.19,0.39,9.81
-1.18,0.42,9.83
-1.19,0.40,9.83
-1.18,0.40,9.82
-1.17,0.38,9.82
-1.18,0.40,9.81
-1.18,0.39,9.81
-1.17,0.40,9.80
-1.18,0.40,9.84
-1.19,0.40,9.81
-1.19,0.41,9.83
-1.18,0.38,9.81
-1.18,0.40,9.82
-1.19,0.40,9.80
-1.19,0.38,9.79
-1.20,0.38,9.82
-1.18,0.40,9.84
-1.18,0.40,9.82
-1.19,0.41,9.83
-1.17,0.39,9.83
-1.19,0.41,9.84
-1.18,0.42,9.81
-1.19,0.38,9.82
-1.20,0.40,9.85
-1.19,0.39,9.83
-1.19,0.41,9.82
-1.17,0.38,9.82
-1.20,0.39,9.82
-1.19,0.39,9.80
-1.18,0.40,9.82
-1.18,0.42,9.84
-1.17,0.38,9.84
-1.19,0.40,9.83
-1.18,0.40,9.82
-1.20,0.39,9.78
-1.19,0.40,9.82
-1.20,0.38,9.79
-1.19,0.41,9.84
-1.19,0.38,9.83
-1.19,0.39,9.83
-1.19,0.40,9.81
-1.19,0.41,9.84
-1.19,0.41,9.81
-1.19,0.39,9.83
-1.18,0.40,9.83
-1.19,0.40,9.84
-1.18,0.39,9.79
-1.19,0.42,9.81
-1.19,0.40,9.82
-1.19,0.40,9.82
-1.19,0.37,9.80
-1.19,0.40,9.84
-1.18,0.38,9.83
-1.20,0.40,9.85
-1.18,0.40,9.81
-1.17,0.38,9.80
-1.18,0.40,9.83
-1.19,0.40,9.82
-1.19,0.41,9.84
-1.19,0.40,9.82
-1.19,0.39,9.82
-1.18,0.44,9.81
-1.19,0.37,9.81
-1.18,0.41,9.80
-1.19,0.40,9.85
-1.21,0.39,9.80
-1.19,0.40,9.82
-1.19,0.38,9.82
-1.19,0.40,9.83
-1.17,0.38,9.79
-1.19,0.40,9.83
-1.19,0.41,9.84
-1.19,0.40,9.84
-1.18,0.40,9.81
-1.19,0.39,9.82
-1.20,0.39,9.82
-1.18,0.42,9.85
-1.19,0.38,9.82
-1.19,0.40,9.82
-1.19,0.38,9.81
-1.19,0.41,9.83
-1.18,0.42,9.83
-1.18,0.39,9.82
-1.20,0.40,9.83
-1.19,0.39,9.81
-1.20,0.39,9.84
-1.18,0.41,9.82
-1.21,0.39,9.83
-1.19,0.43,9.80
-1.19,0.42,9.81
-1.18,0.38,9.84
-1.19,0.38,9.82
-1.19,0.40,9.83
-1.19,0.41,9.83
-1.19,0.40,9.85
-1.18,0.40,9.83
-1.18,0.39,9.81
-1.19,0.40,9.84
-1.19,0.37,9.82
-1.18,0.40,9.82
-1.19,0.41,9.82
-1.19,0.40,9.80
-1.19,0.42,9.84
-1.19,0.38,9.81
-1.19,0.40,9.83
-1.20,0.39,9.80
-1.19,0.40,9.82
-1.13,0.43,9.83
-1.17,0.34,9.84
-1.16,0.41,9.81
-1.12,0.40,9.79
-1.19,0.39,9.84
-1.20,0.41,9.82
-1.19,0.44,9.82
-1.17,0.39,9.83
-1.21,0.39,9.80
-1.19,0.43,9.80
-1.17,0.38,9.81
-1.19,0.40,9.84
-1.19,0.39,9.82
-1.19,0.39,9.83
-1.16,0.41,9.83
-1.22,0.39,9.79
-1.19,0.40,9.82
-1.18,0.38,9.82
-1.20,0.41,9.83
-1.19,0.38,9.83
-1.18,0.39,9.81
-1.16,0.42,9.83
-1.19,0.40,9.81
-1.19,0.40,9.83
-1.18,0.39,9.82
-1.19,0.40,9.82
-1.20,0.40,9.81
-1.19,0.39,9.80
-1.17,0.40,9.82
-1.17,0.39,9.80
-1.18,0.38,9.79
-1.17,0.40,9.84
-1.19,0.40,9.83
-1.20,0.40,9.83
-1.19,0.40,9.82
-1.18,0.40,9.83
-1.18,0.41,9.81
-1.19,0.37,9.81
-1.19,0.41,9.84
-1.20,0.41,9.81
-1.19,0.39,9.81
-1.18,0.42,9.85
-1.19,0.38,9.81
-1.18,0.41,9.83
-1.17,0.40,9.81
-1.20,0.40,9.82
-1.18,0.39,9.83
-1.20,0.39,9.83
-1.19,0.41,9.81
-1.18,0.37,9.79
-1.20,0.40,9.80
-1.19,0.38,9.81
-1.19,0.40,9.84
-1.19,0.38,9.82
-1.20,0.40,9.82
-1.18,0.41,9.79
-1.18,0.38,9.81
-1.19,0.39,9.80
-1.19,0.38,9.81
-1.18,0.41,9.84
-1.18,0.41,9.81
-1.18,0.38,9.82
-1.19,0.41,9.82
-1.18,0.39,9.80
-1.18,0.40,9.84
-1.19,0.38,9.81
-1.20,0.39,9.84
-1.19,0.41,9.83
-1.19,0.37,9.81
-1.18,0.40,9.83
-1.19,0.38,9.81
-1.19,0.39,9.80
-1.17,0.41,9.81
-1.19,0.38,9.83
-1.19,0.41,9.82
-1.19,0.39,9.82
-1.19,0.40,9.81
-1.19,0.40,9.82
-1.20,0.39,9.84
-1.19,0.42,9.81
-1.18,0.38,9.81
-1.19,0.39,9.82
-1.19,0.38,9.82
-1.18,0.40,9.84
-1.18,0.41,9.83
-1.19,0.40,9.82
-1.19,0.40,9.82
-1.19,0.38,9.80
-1.18,0.42,9.83
-1.18,0.37,9.81
-1.17,0.40,9.84
-1.17,0.41,9.82
-1.19,0.40,9.83
-1.19,0.41,9.84
-1.17,0.40,9.81
-1.19,0.40,9.81
-1.19,0.41,9.81
-1.19,0.39,9.82
-1.19,0.40,9.83
-1.19,0.39,9.81
-1.18,0.39,9.81
-1.18,0.41,9.84
-1.19,0.39,9.79
-1.20,0.40,9.82
-1.20,0.38,9.80
-1.18,0.40,9.83
-1.19,0.40,9.81
-1.18,0.38,9.79
-1.18,0.41,9.84
-1.18,0.41,9.82
-1.18,0.41,9.82
-1.19,0.39,9.79
-1.18,0.38,9.81
-1.19,0.40,9.84
-1.19,0.41,9.83
-1.18,0.41,9.85
-1.18,0.39,9.82
-1.18,0.39,9.82
-1.19,0.40,9.80
-1.19,0.40,9.83
-1.19,0.41,9.83
-1.20,0.41,9.84
-1.18,0.40,9.80
-1.19,0.38,9.81
-1.20,0.40,9.81
-1.19,0.40,9.81
-1.19,0.41,9.83
-1.18,0.41,9.85
-1.18,0.37,9.80
-1.19,0.40,9.84
-1.18,0.40,9.81
-1.19,0.40,9.81
-1.20,0.41,9.83
-1.18,0.40,9.82
-1.19,0.41,9.85
-1.19,0.39,9.81
-1.19,0.41,9.84
-1.18,0.41,9.84
-1.20,0.39,9.83
-1.19,0.41,9.81
-1.18,0.39,9.82
-1.17,0.42,9.83
-1.17,0.40,9.81
-1.19,0.38,9.82
-1.19,0.41,9.84
-1.19,0.39,9.81
-1.18,0.41,9.81
-1.19,0.39,9.81
-1.19,0.40,9.82
-1.18,0.39,9.80
-1.19,0.40,9.84
-1.17,0.39,9.81
-1.19,0.39,9.81
-1.19,0.39,9.82
-1.18,0.42,9.84
-1.18,0.38,9.82
-1.18,0.40,9.83
-1.17,0.39,9.83
-1.19,0.39,9.81
-1.19,0.42,9.82
-1.19,0.40,9.82
-1.21,0.41,9.81
-1.19,0.39,9.80
-1.19,0.40,9.80
-1.18,0.40,9.80
-1.19,0.38,9.81
-1.19,0.40,9.82
-1.19,0.40,9.79
-1.18,0.40,9.83
-1.19,0.40,9.82
-1.19,0.41,9.84
-1.18,0.39,9.83
-1.19,0.39,9.80
-1.19,0.41,9.80
-1.19,0.38,9.81
-1.20,0.41,9.81
-1.18,0.40,9.82
-1.18,0.40,9.83
-1.18,0.41,9.83
-1.18,0.41,9.79
-1.19,0.40,9.83
-1.19,0.39,9.81
-1.18,0.40,9.82
-1.19,0.41,9.85
-1.19,0.41,9.83
-1.18,0.41,9.81
-1.19,0.39,9.83
-1.19,0.41,9.80
-1.20,0.39,9.81
-1.19,0.38,9.82
-1.19,0.41,9.83
-1.18,0.38,9.82
-1.20,0.40,9.83
-1.19,0.38,9.81
-1.19,0.41,9.83
-1.19,0.39,9.83
-1.19,0.40,9.83
-1.20,0.42,9.83
-1.20,0.39,9.80
-1.18,0.41,9.84
-1.19,0.38,9.82
-1.18,0.40,9.81
-1.19,0.40,9.79
-1.19,0.40,9.81
-1.20,0.42,9.84
-1.18,0.39,9.81
-1.18,0.42,9.84
-1.18,0.39,9.82
-1.18,0.40,9.81
-1.19,0.40,9.82
-1.19,0.38,9.80
-1.19,0.40,9.83
-1.20,0.40,9.83
-1.19,0.41,9.82
-1.19,0.39,9.81
-1.20,0.38,9.80
-1.19,0.39,9.83
-1.18,0.39,9.82
-1.19,0.38,9.82
-1.19,0.41,9.83
-1.19,0.40,9.81
-1.19,0.40,9.83
-1.18,0.40,9.83
-1.20,0.42,9.84
-1.18,0.40,9.80
-1.19,0.39,9.82
-1.18,0.40,9.83
-1.19,0.39,9.81
-1.18,0.40,9.80
-1.18,0.41,9.81
-1.18,0.40,9.83
-1.17,0.41,9.85
-1.21,0.39,9.83
-1.19,0.40,9.81
-1.18,0.38,9.84
-1.20,0.41,9.85
-1.19,0.41,9.84
-1.19,0.39,9.81
-1.20,0.42,9.84
-1.18,0.37,9.80
-1.19,0.41,9.84
-1.18,0.40,9.80
-1.20,0.40,9.80
-1.17,0.43,9.84
-1.20,0.41,9.82
-1.19,0.40,9.84
-1.20,0.38,9.79
-1.17,0.40,9.83
-1.18,0.40,9.83
-1.20,0.39,9.81
-1.19,0.40,9.81
-1.20,0.39,9.83
-1.18,0.40,9.83
-1.18,0.38,9.79
-1.19,0.39,9.83
-1.18,0.40,9.82
-1.19,0.41,9.84
-1.19,0.41,9.84
-1.18,0.39,9.80
-1.19,0.40,9.81
-1.18,0.39,9.80
-1.18,0.39,9.82
-1.19,0.40,9.83
-1.19,0.40,9.83
-1.18,0.41,9.85
-1.18,0.39,9.82
-1.19,0.40,9.81
-1.19,0.40,9.78
-1.20,0.40,9.81
-1.18,0.42,9.84
-1.21,0.39,9.82
-1.19,0.41,9.82
-1.18,0.39,9.81
-1.19,0.39,9.81
-1.18,0.41,9.82
-1.19,0.38,9.82
-1.19,0.39,9.79
-1.18,0.40,9.86
-1.19,0.38,9.82
-1.19,0.41,9.81
-1.19,0.40,9.82
-1.19,0.39,9.81
-1.19,0.41,9.82
-1.18,0.39,9.80
-1.18,0.41,9.86
-1.18,0.38,9.82
-1.18,0.40,9.82
-1.19,0.39,9.79
-1.19,0.38,9.79
-1.19,0.39,9.83
-1.18,0.40,9.82
-1.19,0.40,9.82
-1.19,0.39,9.82
-1.19,0.40,9.80
-1.18,0.38,9.82
-1.19,0.38,9.81
-1.18,0.40,9.82
-1.19,0.39,9.80
-1.17,0.41,9.85
-1.18,0.38,9.82
-1.19,0.40,9.84
-1.18,0.39,9.80
-1.18,0.39,9.81
-1.19,0.41,9.83
-1.21,0.39,9.83
-1.19,0.41,9.82
-1.19,0.39,9.83
-1.19,0.39,9.83
-1.19,0.40,9.84
-1.19,0.39,9.80
-1.18,0.41,9.84
-1.19,0.39,9.84
-1.19,0.41,9.82
-1.18,0.40,9.82
-1.18,0.40,9.81
-1.20,0.38,9.83
-1.20,0.39,9.81
-1.19,0.43,9.81
-1.19,0.40,9.82
-1.19,0.40,9.82
-1.20,0.40,9.83
-1.19,0.38,9.82
-1.19,0.40,9.81
-1.19,0.40,9.83
-1.20,0.41,9.83
-1.18,0.40,9.81
-1.20,0.40,9.82
-1.19,0.39,9.84
-1.19,0.39,9.81
-1.18,0.41,9.84
-1.18,0.38,9.79
-1.19,0.40,9.83
-1.19,0.40,9.84
-1.19,0.39,9.83
-1.19,0.40,9.84
-1.19,0.37,9.81
-1.17,0.40,9.84
-1.21,0.40,9.83
-1.21,0.40,9.80
-1.19,0.40,9.82
-1.18,0.39,9.82
-1.19,0.39,9.81
-1.18,0.40,9.81
-1.19,0.39,9.83
-1.18,0.41,9.85
-1.21,0.38,9.83
-1.19,0.39,9.81
-1.18,0.39,9.82
-1.19,0.38,9.81
-1.18,0.40,9.83
-1.19,0.39,9.81
-1.19,0.40,9.83
-1.19,0.40,9.83
-1.18,0.39,9.84
-1.19,0.41,9.80
-1.19,0.39,9.80
-1.19,0.42,9.83
-1.20,0.39,9.81
-1.18,0.40,9.82
-1.20,0.40,9.82
-1.18,0.40,9.83
-1.19,0.41,9.83
-1.19,0.40,9.79
-1.18,0.41,9.80
-1.20,0.40,9.83
-1.20,0.39,9.84
-1.19,0.38,9.81
-1.19,0.40,9.87
-1.19,0.40,9.88
-1.19,0.41,9.84
-1.20,0.41,9.82
-1.19,0.38,9.81
-1.19,0.40,9.83
-1.20,0.40,9.83
-1.19,0.39,9.84
-1.19,0.40,9.81
-1.20,0.38,9.80
-1.19,0.43,9.84
-1.17,0.41,9.86
-1.21,0.40,9.84
-1.18,0.40,9.83
-1.18,0.38,9.81
-1.19,0.40,9.84
-1.19,0.39,9.83
-1.19,0.39,9.82
-1.19,0.41,9.83
-1.19,0.40,9.84
-1.19,0.41,9.84
-1.18,0.38,9.84
-1.18,0.40,9.84
-1.19,0.40,9.79
-1.18,0.40,9.84
-1.18,0.39,9.84
-1.19,0.39,9.82
-1.18,0.40,9.82
-1.19,0.38,9.81
-1.19,0.41,9.85
-1.18,0.39,9.83
-1.21,0.39,9.82
-1.19,0.39,9.84
-1.19,0.39,9.83
-1.19,0.39,9.79
-1.20,0.40,9.83
-1.19,0.41,9.84
-1.19,0.40,9.84
-1.19,0.37,9.81
-1.19,0.38,9.80
-1.18,0.40,9.83
-1.18,0.39,9.82
-1.17,0.42,9.83
-1.19,0.38,9.84
-1.19,0.40,9.82
-1.17,0.39,9.80
-1.19,0.40,9.83
-1.19,0.40,9.83
-1.22,0.40,9.81
-1.19,0.40,9.84
-1.18,0.39,9.85
-1.20,0.40,9.85
-1.19,0.39,9.82
-1.19,0.40,9.83
-1.19,0.39,9.83
-1.18,0.38,9.83
-1.19,0.41,9.83
-1.20,0.39,9.82
-1.19,0.42,9.84
-1.19,0.38,9.83
-1.19,0.41,9.84
-1.18,0.41,9.85
-1.19,0.38,9.83
-1.20,0.40,9.82
-1.18,0.40,9.83
-1.18,0.40,9.86
-1.19,0.41,9.84
-1.18,0.38,9.80
-1.20,0.40,9.80
-1.17,0.39,9.82
-1.18,0.41,9.84
-1.18,0.39,9.82
-1.20,0.40,9.81
-1.19,0.41,9.83
-1.19,0.37,9.79
-1.17,0.39,9.84
-1.20,0.38,9.80
-1.20,0.38,9.82
-1.19,0.39,9.81
-1.21,0.41,9.81
-1.17,0.41,9.85
-1.18,0.39,9.85
-1.20,0.40,9.81
-1.18,0.40,9.82
-1.20,0.40,9.83
-1.19,0.39,9.85
-1.19,0.38,9.82
-1.20,0.42,9.82
-1.19,0.40,9.82
-1.19,0.42,9.83
-1.18,0.38,9.83
-1.19,0.40,9.82
-1.19,0.41,9.82
-1.18,0.40,9.85
-1.18,0.38,9.82
-1.21,0.41,9.80
-1.18,0.39,9.83
-1.20,0.42,9.86
-1.18,0.40,9.85
-1.19,0.39,9.81
-1.18,0.41,9.83
-1.19,0.38,9.80
-1.19,0.41,9.83
-1.19,0.41,9.85
-1.18,0.41,9.84
-1.18,0.40,9.82
-1.19,0.37,9.81
-1.19,0.42,9.83
-1.20,0.40,9.83
-1.20,0.39,9.85
-1.18,0.40,9.82
-1.19,0.40,9.81
-1.17,0.42,9.84
-1.19,0.38,9.83
-1.18,0.40,9.82
-1.17,0.39,9.81
-1.20,0.40,9.80
-1.19,0.40,9.82
-1.21,0.40,9.84
-1.19,0.40,9.84
-1.18,0.38,9.81
-1.18,0.41,9.83
-1.19,0.40,9.82
-1.19,0.39,9.81
-1.19,0.42,9.84
-1.20,0.40,9.83
-1.19,0.40,9.81
-1.19,0.39,9.81
-1.20,0.40,9.82
-1.18,0.39,9.84
-1.19,0.40,9.84
-1.19,0.40,9.84
-1.20,0.39,9.81
-1.21,0.40,9.82
-1.18,0.39,9.84
-1.17,0.40,9.85
-1.20,0.40,9.82
-1.19,0.38,9.82
-1.20,0.42,9.83
-1.19,0.40,9.84
-1.19,0.41,9.84
-1.19,0.39,9.82
-1.19,0.38,9.81
-1.19,0.40,9.80
-1.20,0.39,9.82
-1.19,0.41,9.86
-1.20,0.38,9.82
-1.20,0.40,9.82
-1.18,0.40,9.82
-1.19,0.41,9.85
-1.18,0.39,9.85
-1.18,0.37,9.81
-1.20,0.41,9.82
-1.19,0.39,9.83
-1.18,0.42,9.84
-1.19,0.40,9.83
-1.19,0.39,9.83
-1.18,0.40,9.82
-1.19,0.37,9.83
-1.20,0.39,9.82
-1.18,0.40,9.83
-1.18,0.40,9.83
-1.19,0.41,9.83
-1.19,0.39,9.81
-1.19,0.39,9.82
-1.18,0.39,9.83
-1.19,0.40,9.82
