-1.19,0.40,9.82
-1.19,0.37,9.81
-1.20,0.41,9.82
-1.19,0.38,9.82
-1.19,0.40,9.82
-1.19,0.40,9.83
-1.19,0.40,9.81
-1.20,0.40,9.83
-1.19,0.41,9.82
-1.19,0.40,9.82
-1.19,0.39,9.82
-1.18,0.39,9.80
-1.19,0.40,9.81
-1.19,0.40,9.82
-1.18,0.40,9.83
-1.19,0.40,9.79
-1.19,0.38,9.81
-1.19,0.41,9.82
-1.19,0.40,9.81
-1.19,0.39,9.79
-1.20,0.39,9.82
-1.19,0.39,9.80
-1.19,0.41,9.83
-1.19,0.40,9.83
-1.19,0.39,9.81
-1.19,0.39,9.83
-1.19,0.40,9.84
-1.19,0.40,9.82
-1.20,0.39,9.81
-1.19,0.39,9.81
-1.19,0.41,9.80
-1.19,0.38,9.81
-1.19,0.41,9.82
-1.19,0.39,9.82
-1.19,0.41,9.82
-1.19,0.40,9.82
-1.17,0.38,9.83
-1.20,0.42,9.81
-1.20,0.39,9.81
-1.18,0.39,9.83
-1.19,0.39,9.83
-1.18,0.40,9.83
-1.19,0.40,9.81
-1.20,0.39,9.80
-1.19,0.39,9.82
-1.19,0.39,9.79
-1.18,0.40,9.81
-1.20,0.40,9.82
-1.18,0.40,9.82
-1.20,0.38,9.81
-1.18,0.40,9.83
-1.19,0.40,9.83
-1.20,0.38,9.81
-1.18,0.40,9.81
-1.18,0.39,9.81
-1.19,0.40,9.81
-1.19,0.41,9.83
-1.19,0.38,9.82
-1.19,0.40,9.83
-1.19,0.40,9.83
-1.19,0.40,9.82
-1.19,0.40,9.83
-1.19,0.39,9.81
-1.18,0.42,9.84
-1.20,0.38,9.81
-1.20,0.40,9.84
-1.19,0.40,9.81
-1.20,0.39,9.82
-1.20,0.41,9.82
-1.19,0.39,9.82
-1.19,0.41,9.81
-1.20,0.39,9.83
-1.20,0.39,9.82
-1.19,0.40,9.82
-1.20,0.40,9.83
-1.19,0.41,9.81
-1.19,0.39,9.82
-1.19,0.38,9.82
-1.19,0.40,9.82
-1.19,0.40,9.84
-1.19,0.40,9.83
-1.19,0.40,9.82
-1.19,0.39,9.82
-1.19,0.41,9.82
-1.19,0.38,9.82
-1.19,0.40,9.81
-1.19,0.40,9.82
-1.19,0.40,9.81
-1.19,0.40,9.84
-1.19,0.40,9.83
-1.19,0.40,9.82
-1.19,0.40,9.81
-1.19,0.39,9.80
-1.20,0.41,9.82
-1.19,0.40,9.83
-1.19,0.40,9.80
-1.20,0.40,9.82
-1.19,0.39,9.81
-1.19,0.40,9.84
-1.19,0.40,9.83
-1.20,0.39,9.83
-1.19,0.39,9.84
-1.19,0.38,9.82
-1.19,0.40,9.81
-1.20,0.39,9.82
-1.19,0.39,9.81
-1.20,0.39,9.81
-1.20,0.39,9.82
-1.19,0.40,9.82
-1.20,0.40,9.83
-1.19,0.40,9.81
-1.20,0.39,9.80
-1.19,0.41,9.82
-1.19,0.40,9.82
-1.19,0.38,9.81
-1.19,0.41,9.82
-1.20,0.38,9.83
-1.19,0.41,9.78
-1.19,0.38,9.80
-1.18,0.40,9.82
-1.19,0.41,9.82
-1.19,0.39,9.81
-1.19,0.41,9.82
-1.20,0.39,9.82
-1.18,0.40,9.81
-1.20,0.40,9.82
-1.19,0.38,9.81
-1.19,0.41,9.83
-1.19,0.39,9.81
-1.20,0.40,9.81
-1.20,0.41,9.83
-1.19,0.39,9.82
-1.18,0.40,9.83
-1.19,0.39,9.83
-1.19,0.40,9.82
-1.19,0.41,9.83
-1.19,0.38,9.81
-1.19,0.40,9.82
-1.19,0.38,9.79
-1.19,0.40,9.84
-1.19,0.40,9.82
-1.19,0.39,9.82
-1.19,0.41,9.82
-1.20,0.42,9.81
-1.19,0.40,9.82
-1.20,0.39,9.83
-1.19,0.39,9.80
-1.20,0.41,9.84
-1.19,0.40,9.81
-1.20,0.40,9.83
-1.20,0.40,9.83
-1.18,0.39,9.81
-1.19,0.40,9.82
-1.19,0.39,9.82
-1.19,0.41,9.84
-1.19,0.39,9.84
-1.20,0.39,9.81
-1.19,0.39,9.82
-1.19,0.39,9.82
-1.20,0.41,9.83
-1.20,0.39,9.81
-1.19,0.39,9.83
-1.18,0.40,9.82
-1.19,0.39,9.82
-1.18,0.41,9.83
-1.19,0.38,9.81
-1.19,0.39,9.80
-1.19,0.41,9.81
-1.19,0.38,9.80
-1.20,0.41,9.84
-1.18,0.39,9.81
-1.19,0.41,9.82
-1.19,0.39,9.83
-1.18,0.40,9.81
-1.19,0.40,9.83
-1.19,0.39,9.81
-1.19,0.41,9.82
-1.19,0.40,9.82
-1.20,0.39,9.82
-1.19,0.41,9.81
-1.19,0.38,9.81
-1.19,0.40,9.83
-1.20,0.39,9.83
-1.19,0.40,9.82
-1.20,0.40,9.79
-1.18,0.39,9.79
-1.19,0.40,9.81
-1.19,0.38,9.82
-1.19,0.41,9.81
-1.19,0.40,9.83
-1.19,0.39,9.81
-1.19,0.40,9.82
-1.19,0.39,9.81
-1.19,0.40,9.82
-1.19,0.40,9.80
-1.20,0.40,9.82
-1.19,0.41,9.83
-1.19,0.38,9.81
-1.19,0.39,9.82
-1.19,0.39,9.82
-1.20,0.39,9.79
-1.19,0.41,9.82
-1.19,0.39,9.83
-1.19,0.40,9.82
-1.20,0.40,9.81
-1.20,0.39,9.81
-1.19,0.40,9.83
-1.19,0.39,9.83
-1.19,0.40,9.82
-1.20,0.40,9.82
-1.19,0.39,9.84
-1.19,0.40,9.84
-1.19,0.38,9.83
-1.19,0.40,9.82
-1.20,0.39,9.82
-1.20,0.40,9.82
-1.19,0.40,9.81
-1.19,0.39,9.82
-1.18,0.40,9.83
-1.19,0.40,9.83
-1.19,0.39,9.81
-1.19,0.40,9.83
-1.19,0.39,9.81
-1.19,0.41,9.82
-1.20,0.40,9.82
-1.19,0.39,9.84
-1.19,0.41,9.83
-1.18,0.39,9.79
-1.19,0.40,9.81
-1.19,0.39,9.82
-1.19,0.38,9.82
-1.18,0.41,9.84
-1.20,0.39,9.82
-1.20,0.40,9.83
-1.19,0.39,9.80
-1.18,0.41,9.83
-1.20,0.39,9.81
-1.19,0.40,9.84
-1.20,0.38,9.81
-1.19,0.39,9.79
-1.20,0.40,9.83
-1.19,0.39,9.81
-1.19,0.41,9.83
-1.20,0.39,9.82
-1.19,0.40,9.83
-1.19,0.41,9.84
-1.19,0.40,9.82
-1.19,0.40,9.81
-1.19,0.39,9.81
-1.20,0.39,9.81
-1.19,0.41,9.83
-1.19,0.38,9.82
-1.19,0.40,9.82
-1.20,0.38,9.81
-1.18,0.41,9.82
-1.19,0.40,9.82
-1.19,0.38,9.82
-1.19,0.40,9.83
-1.19,0.38,9.82
-1.20,0.40,9.82
-1.19,0.41,9.83
-1.19,0.38,9.82
-1.19,0.40,9.81
-1.19,0.38,9.83
-1.20,0.40,9.82
-1.20,0.42,9.83
-1.19,0.38,9.81
-1.19,0.40,9.81
-1.19,0.40,9.84
-1.19,0.40,9.83
-1.19,0.40,9.81
-1.19,0.39,9.81
-1.19,0.41,9.81
-1.19,0.38,9.81
-1.19,0.40,9.82
-1.19,0.39,9.82
-1.19,0.39,9.81
-1.20,0.41,9.81
-1.19,0.39,9.82
-1.19,0.40,9.82
-1.19,0.39,9.82
-1.18,0.38,9.82
-1.20,0.40,9.82
-1.19,0.40,9.83
-1.19,0.41,9.81
-1.19,0.40,9.82
-1.19,0.39,9.83
-1.19,0.41,9.83
-1.19,0.40,9.83
-1.19,0.40,9.81
-1.19,0.40,9.81
-1.19,0.39,9.81
-1.20,0.40,9.82
-1.20,0.39,9.82
-1.18,0.41,9.83
-1.19,0.39,9.82
-1.20,0.41,9.81
-1.19,0.39,9.81
-1.18,0.40,9.82
-1.19,0.41,9.82
-1.19,0.39,9.80
-1.19,0.42,9.81
-1.19,0.40,9.82
-1.18,0.39,9.80
-1.19,0.40,9.83
-1.19,0.40,9.82
-1.20,0.40,9.82
-1.19,0.39,9.82
-1.19,0.39,9.82
-1.19,0.42,9.84
-1.19,0.39,9.82
-1.19,0.41,9.82
-1.20,0.40,9.80
-1.19,0.40,9.81
-1.19,0.40,9.83
-1.19,0.39,9.82
-1.19,0.41,9.84
-1.19,0.39,9.82
-1.19,0.40,9.81
-1.20,0.40,9.84
-1.19,0.39,9.82
-1.19,0.41,9.83
-1.19,0.38,9.81
-1.19,0.40,9.81
-1.18,0.40,9.83
-1.20,0.38,9.82
-1.18,0.40,9.82
-1.19,0.40,9.81
-1.19,0.40,9.83
-1.19,0.40,9.82
-1.19,0.39,9.81
-1.19,0.40,9.82
-1.19,0.40,9.81
-1.18,0.40,9.82
-1.20,0.40,9.83
-1.19,0.39,9.82
-1.19,0.40,9.84
-1.20,0.38,9.81
-1.20,0.40,9.82
-1.19,0.41,9.81
-1.19,0.39,9.81
-1.19,0.41,9.82
-1.19,0.39,9.81
-1.19,0.41,9.83
-1.19,0.40,9.82
-1.19,0.39,9.81
-1.19,0.40,9.83
-1.19,0.40,9.83
-1.19,0.41,9.83
-1.20,0.40,9.83
-1.19,0.38,9.82
-1.19,0.40,9.84
-1.18,0.39,9.83
-1.19,0.41,9.83
-1.19,0.39,9.83
-1.19,0.39,9.81
-1.20,0.39,9.82
-1.18,0.40,9.84
-1.19,0.40,9.84
-1.19,0.38,9.79
-1.20,0.41,9.84
-1.19,0.39,9.82
-1.19,0.41,9.83
-1.19,0.39,9.82
-1.19,0.39,9.80
-1.20,0.40,9.82
-1.19,0.39,9.82
-1.20,0.41,9.82
-1.19,0.39,9.83
-1.18,0.40,9.82
-1.19,0.40,9.82
-1.19,0.40,9.82
-1.19,0.40,9.84
-1.20,0.40,9.82
-1.20,0.40,9.82
-1.19,0.40,9.81
-1.19,0.40,9.81
-1.19,0.40,9.83
-1.19,0.40,9.81
-1.19,0.39,9.82
-1.19,0.40,9.83
-1.19,0.39,9.82
-1.19,0.39,9.82
-1.20,0.40,9.82
-1.19,0.39,9.82
-1.19,0.41,9.83
-1.20,0.40,9.80
-1.20,0.38,9.82
-1.19,0.41,9.83
-1.19,0.40,9.83
-1.19,0.40,9.81
-1.19,0.39,9.79
-1.19,0.40,9.82
-1.20,0.38,9.82
-1.19,0.40,9.81
-1.19,0.40,9.81
-1.20,0.39,9.83
-1.19,0.40,9.83
-1.19,0.39,9.82
-1.19,0.40,9.83
-1.19,0.41,9.82
-1.19,0.39,9.81
-1.20,0.39,9.82
-1.20,0.39,9.82
-1.19,0.41,9.82
-1.19,0.40,9.84
-1.19,0.38,9.82
-1.19,0.40,9.81
-1.19,0.40,9.83
-1.18,0.39,9.81
-1.20,0.41,9.80
-1.19,0.38,9.82
-1.18,0.40,9.82
-1.19,0.40,9.83
-1.19,0.40,9.82
-1.19,0.41,9.82
-1.20,0.38,9.81
-1.19,0.41,9.82
-1.20,0.38,9.81
-1.19,0.41,9.82
-1.19,0.40,9.82
-1.19,0.40,9.81
-1.19,0.40,9.84
-1.19,0.39,9.80
-1.19,0.40,9.78
-1.18,0.39,9.82
-1.18,0.41,9.82
-1.20,0.40,9.83
-1.19,0.38,9.80
-1.19,0.40,9.84
-1.19,0.39,9.81
-1.18,0.40,9.82
-1.20,0.40,9.79
-1.19,0.39,9.83
-1.19,0.42,9.83
-1.19,0.39,9.82
-1.18,0.41,9.83
-1.20,0.40,9.81
-1.19,0.39,9.81
-1.19,0.40,9.82
-1.19,0.39,9.81
-1.20,0.41,9.83
-1.20,0.40,9.81
-1.19,0.40,9.81
-1.19,0.40,9.82
-1.20,0.40,9.83
-1.19,0.39,9.81
-1.20,0.38,9.82
-1.19,0.39,9.81
-1.19,0.41,9.82
-1.20,0.39,9.82
-1.19,0.39,9.81
-1.19,0.39,9.82
-1.19,0.40,9.80
-1.19,0.40,9.82
-1.19,0.38,9.81
-1.19,0.41,9.82
-1.19,0.39,9.80
-1.18,0.39,9.80
-1.20,0.40,9.82
-1.19,0.39,9.82
-1.19,0.40,9.82
-1.21,0.38,9.82
-1.19,0.41,9.82
-1.19,0.41,9.82
-1.18,0.40,9.82
-1.19,0.40,9.83
-1.20,0.39,9.82
-1.18,0.40,9.83
-1.19,0.40,9.82
-1.20,0.40,9.82
-1.19,0.39,9.80
-1.19,0.39,9.81
-1.19,0.40,9.82
-1.19,0.40,9.81
-1.19,0.39,9.83
-1.18,0.40,9.84
-1.19,0.40,9.82
-1.20,0.40,9.82
-1.19,0.40,9.83
-1.20,0.40,9.82
-1.19,0.39,9.82
-1.19,0.40,9.83
-1.19,0.39,9.81
-1.19,0.40,9.83
-1.20,0.40,9.80
-1.18,0.40,9.81
-1.19,0.41,9.83
-1.19,0.38,9.81
-1.18,0.41,9.82
-1.19,0.40,9.83
-1.20,0.39,9.80
-1.19,0.40,9.83
-1.19,0.39,9.83
-1.18,0.40,9.83
-1.20,0.40,9.83
-1.20,0.38,9.80
-1.18,0.40,9.83
-1.19,0.40,9.81
-1.19,0.41,9.81
-1.20,0.40,9.83
-1.19,0.39,9.81
-1.20,0.41,9.83
-1.19,0.40,9.84
-1.19,0.41,9.79
-1.19,0.40,9.83
-1.19,0.40,9.81
-1.18,0.40,9.82
-1.19,0.40,9.81
-1.19,0.38,9.81
-1.20,0.39,9.82
-1.19,0.39,9.83
-1.19,0.41,9.82
-1.19,0.40,9.84
-1.19,0.40,9.80
-1.19,0.40,9.84
-1.21,0.38,9.81
-1.19,0.40,9.82
-1.20,0.39,9.82
-1.20,0.39,9.78
-1.19,0.40,9.84
-1.19,0.39,9.82
-1.19,0.40,9.83
-1.19,0.39,9.82
-1.20,0.40,9.83
-1.20,0.40,9.82
-1.19,0.39,9.83
-1.20,0.40,9.82
-1.19,0.39,9.81
-1.19,0.40,9.81
-1.19,0.41,9.83
-1.20,0.39,9.81
-1.19,0.41,9.81
-1.19,0.39,9.82
-1.19,0.40,9.82
-1.19,0.41,9.82
-1.19,0.38,9.81
-1.19,0.40,9.82
-1.18,0.40,9.83
-1.19,0.40,9.82
-1.19,0.39,9.81
-1.19,0.40,9.81
-1.19,0.40,9.81
-1.19,0.40,9.83
-1.19,0.40,9.83
-1.20,0.40,9.81
-1.19,0.39,9.81
-1.19,0.40,9.82
-1.19,0.40,9.80
-1.19,0.40,9.80
-1.20,0.38,9.82
-1.19,0.40,9.82
-1.20,0.40,9.83
-1.20,0.39,9.82
-1.19,0.39,9.82
-1.20,0.39,9.80
-1.19,0.42,9.82
-1.20,0.40,9.83
-1.19,0.38,9.81
-1.19,0.40,9.83
-1.19,0.39,9.82
-1.18,0.40,9.82
-1.20,0.40,9.82
-1.19,0.39,9.81
-1.19,0.40,9.82
-1.19,0.40,9.82
-1.19,0.40,9.83
-1.19,0.39,9.82
-1.19,0.38,9.83
-1.19,0.40,9.81
-1.19,0.39,9.81
-1.18,0.40,9.84
-1.19,0.39,9.83
-1.18,0.39,9.80
-1.19,0.41,9.82
-1.19,0.39,9.80
-1.19,0.40,9.84
-1.20,0.39,9.82
-1.19,0.39,9.81
-1.19,0.40,9.83
-1.18,0.39,9.81
-1.19,0.40,9.81
-1.19,0.39,9.83
-1.19,0.40,9.81
-1.19,0.40,9.82
-1.19,0.38,9.81
-1.19,0.41,9.82
-1.19,0.39,9.82
-1.19,0.39,9.81
-1.20,0.40,9.83
-1.19,0.39,9.82
-1.19,0.40,9.82
-1.19,0.39,9.82
-1.19,0.39,9.81
-1.19,0.40,9.81
-1.19,0.40,9.81
-1.19,0.40,9.81
-1.20,0.38,9.82
-1.20,0.40,9.82
-1.19,0.40,9.82
-1.19,0.39,9.83
-1.19,0.40,9.83
-1.19,0.39,9.84
-1.19,0.39,9.82
-1.19,0.38,9.80
-1.19,0.41,9.82
-1.19,0.39,9.82
-1.19,0.40,9.82
-1.19,0.41,9.82
-1.19,0.39,9.81
-1.19,0.40,9.82
-1.19,0.38,9.82
-1.19,0.40,9.81
-1.20,0.40,9.81
-1.20,0.39,9.81
-1.19,0.39,9.81
-1.19,0.39,9.82
-1.19,0.40,9.82
-1.20,0.40,9.82
-1.20,0.39,9.82
-1.19,0.40,9.82
-1.19,0.41,9.82
-1.19,0.39,9.82
-1.20,0.40,9.81
-1.19,0.38,9.82
-1.19,0.41,9.83
-1.19,0.40,9.82
-1.19,0.40,9.83
-1.20,0.41,9.83
-1.20,0.39,9.81
-1.19,0.41,9.81
-1.20,0.40,9.82
-1.20,0.38,9.82
-1.20,0.39,9.82
-1.19,0.38,9.81
-1.19,0.40,9.83
-1.19,0.41,9.82
-1.19,0.41,9.82
-1.19,0.39,9.83
-1.19,0.40,9.81
-1.19,0.41,9.83
-1.19,0.39,9.83
-1.19,0.40,9.82
-1.19,0.40,9.82
-1.19,0.39,9.82
-1.19,0.40,9.83
-1.20,0.39,9.83
-1.19,0.39,9.81
-1.20,0.40,9.83
-1.19,0.39,9.81
-1.19,0.42,9.82
-1.19,0.39,9.83
-1.20,0.39,9.82
-1.19,0.39,9.80
-1.19,0.40,9.81
-1.19,0.40,9.83
-1.19,0.39,9.83
-1.20,0.39,9.81
-1.20,0.41,9.81
-1.19,0.40,9.82
-1.19,0.41,9.79
-1.20,0.39,9.82
-1.19,0.40,9.80
-1.19,0.38,9.81
-1.19,0.40,9.81
-1.19,0.39,9.81
-1.19,0.41,9.81
-1.20,0.40,9.84
-1.19,0.39,9.81
-1.19,0.40,9.81
-1.19,0.39,9.82
-1.20,0.40,9.81
-1.18,0.40,9.81
-1.19,0.39,9.80
-1.19,0.40,9.81
-1.19,0.39,9.81
-1.19,0.39,9.81
-1.19,0.40,9.80
-1.19,0.39,9.82
-1.19,0.40,9.81
-1.19,0.39,9.80
-1.19,0.40,9.84
-1.19,0.40,9.81
-1.19,0.40,9.82
-1.19,0.39,9.82
-1.20,0.40,9.81
-1.19,0.40,9.83
-1.20,0.39,9.82
-1.19,0.38,9.80
-1.19,0.40,9.82
-1.20,0.40,9.83
-1.19,0.40,9.82
-1.20,0.40,9.82
-1.19,0.40,9.83
-1.19,0.40,9.82
-1.20,0.38,9.80
-1.19,0.41,9.83
-1.19,0.39,9.81
-1.19,0.40,9.82
-1.19,0.40,9.83
-1.20,0.39,9.81
-1.19,0.41,9.82
-1.20,0.39,9.81
-1.20,0.40,9.82
-1.19,0.41,9.83
-1.19,0.41,9.81
-1.19,0.39,9.82
-1.20,0.40,9.81
-1.19,0.39,9.82
-1.19,0.40,9.84
-1.20,0.40,9.82
-1.19,0.39,9.83
-1.19,0.40,9.82
-1.19,0.39,9.80
-1.19,0.40,9.84
-1.20,0.39,9.82
-1.18,0.40,9.80
-1.19,0.39,9.81
-1.19,0.39,9.80
-1.18,0.40,9.83
-1.18,0.40,9.83
-1.19,0.40,9.82
-1.20,0.39,9.82
-1.19,0.39,9.83
-1.19,0.42,9.84
-1.20,0.40,9.82
-1.20,0.39,9.82
-1.18,0.40,9.82
-1.19,0.41,9.83
-1.20,0.39,9.81
-1.20,0.40,9.83
-1.19,0.38,9.82
-1.19,0.39,9.81
-1.19,0.40,9.81
-1.19,0.39,9.81
-1.19,0.39,9.81
-1.19,0.39,9.81
-1.19,0.40,9.82
-1.19,0.40,9.84
-1.20,0.39,9.81
-1.19,0.40,9.82
-1.20,0.39,9.82
-1.18,0.40,9.82
-1.19,0.41,9.82
-1.19,0.38,9.82
-1.19,0.40,9.82
-1.20,0.41,9.84
-1.19,0.39,9.80
-1.19,0.40,9.82
-1.19,0.39,9.80
-1.19,0.40,9.82
-1.20,0.40,9.82
-1.19,0.38,9.81
-1.19,0.41,9.83
-1.19,0.39,9.78
-1.19,0.40,9.83
-1.19,0.39,9.80
-1.19,0.41,9.81
-1.19,0.40,9.83
-1.20,0.38,9.83
-1.19,0.41,9.82
-1.20,0.40,9.84
-1.19,0.40,9.83
-1.19,0.40,9.80
-1.18,0.39,9.81
-1.19,0.40,9.82
-1.20,0.40,9.82
-1.19,0.41,9.82
-1.21,0.39,9.82
-1.18,0.38,9.80
-1.19,0.41,9.82
-1.19,0.39,9.81
-1.19,0.40,9.81
-1.19,0.40,9.82
-1.19,0.39,9.82
-1.19,0.41,9.83
-1.20,0.39,9.81
-1.19,0.39,9.82
-1.20,0.39,9.82
-1.19,0.38,9.82
-1.19,0.40,9.81
-1.20,0.39,9.84
-1.19,0.38,9.83
-1.19,0.42,9.81
-1.20,0.39,9.82
-1.19,0.41,9.82
-1.19,0.39,9.83
-1.18,0.41,9.83
-1.18,0.39,9.81
-1.19,0.40,9.82
-1.19,0.39,9.81
-1.19,0.40,9.81
-1.19,0.41,9.82
-1.20,0.39,9.81
-1.19,0.41,9.81
-1.19,0.40,9.77
-1.19,0.39,9.82
-1.19,0.40,9.83
-1.19,0.38,9.81
-1.19,0.40,9.81
-1.20,0.38,9.81
-1.19,0.39,9.82
-1.19,0.40,9.82
-1.19,0.39,9.80
-1.18,0.39,9.82
-1.20,0.39,9.81
-1.19,0.40,9.81
-1.19,0.40,9.82
-1.19,0.38,9.80
-1.19,0.39,9.83
-1.19,0.41,9.83
-1.18,0.39,9.80
-1.19,0.41,9.82
-1.19,0.37,9.81
-1.19,0.40,9.82
-1.19,0.38,9.82
-1.19,0.39,9.82
-1.19,0.40,9.82
-1.20,0.39,9.83
-1.18,0.39,9.82
-1.18,0.38,9.80
-1.19,0.40,9.83
-1.20,0.40,9.82
-1.19,0.38,9.81
-1.19,0.40,9.83
-1.19,0.39,9.80
-1.19,0.40,9.80
-1.19,0.40,9.82
-1.19,0.39,9.81
-1.19,0.40,9.82
-1.19,0.40,9.82
-1.18,0.41,9.82
-1.19,0.41,9.83
-1.19,0.39,9.83
-1.18,0.40,9.81
-1.19,0.39,9.82
-1.19,0.40,9.81
-1.19,0.40,9.81
-1.19,0.38,9.82
-1.19,0.41,9.84
-1.20,0.40,9.82
-1.19,0.40,9.80
-1.19,0.40,9.82
-1.20,0.39,9.81
-1.19,0.40,9.84
-1.19,0.39,9.82
-1.19,0.41,9.83
-1.19,0.40,9.82
-1.20,0.40,9.82
-1.20,0.40,9.83
-1.20,0.40,9.82
-1.21,0.39,9.82
-1.19,0.40,9.83
-1.19,0.41,9.83
-1.18,0.40,9.81
-1.19,0.40,9.81
-1.19,0.40,9.80
-1.19,0.40,9.82
-1.18,0.41,9.82
-1.19,0.38,9.80
-1.19,0.39,9.82
-1.20,0.39,9.82
-1.19,0.39,9.82
-1.18,0.41,9.81
-1.20,0.39,9.81
-1.19,0.39,9.81
-1.19,0.40,9.81
-1.18,0.39,9.82
-1.20,0.41,9.82
-1.20,0.39,9.82
-1.18,0.39,9.81
-1.19,0.40,9.82
-1.19,0.39,9.82
-1.20,0.41,9.84
-1.20,0.38,9.82
-1.19,0.40,9.82
-1.20,0.38,9.81
-1.19,0.40,9.82
-1.19,0.41,9.81
-1.18,0.38,9.82
-1.18,0.40,9.82
-1.19,0.40,9.81
-1.19,0.39,9.82
-1.19,0.41,9.81
-1.19,0.39,9.81
-1.19,0.40,9.82
-1.19,0.40,9.82
-1.19,0.40,9.83
-1.20,0.41,9.82
-1.21,0.39,9.80
-1.19,0.39,9.82
-1.19,0.40,9.83
-1.19,0.39,9.83
-1.19,0.41,9.81
-1.19,0.39,9.82
-1.18,0.40,9.82
-1.19,0.40,9.83
-1.20,0.39,9.81
-1.20,0.41,9.84
-1.20,0.38,9.82
-1.19,0.40,9.83
-1.19,0.40,9.82
-1.19,0.39,9.81
-1.19,0.40,9.81
-1.19,0.39,9.81
-1.19,0.40,9.82
-1.19,0.40,9.84
-1.19,0.39,9.82
-1.19,0.40,9.82
-1.19,0.41,9.84
-1.20,0.40,9.80
-1.19,0.39,9.82
-1.19,0.40,9.82
-1.19,0.39,9.82
-1.19,0.40,9.82
-1.20,0.40,9.83
-1.20,0.39,9.82
-1.18,0.40,9.83
-1.21,0.40,9.83
-1.19,0.40,9.83
-1.20,0.39,9.83
-1.19,0.40,9.80
-1.19,0.40,9.82
-1.19,0.39,9.82
-1.19,0.40,9.82
-1.19,0.39,9.82
-1.19,0.40,9.81
-1.19,0.40,9.82
-1.19,0.41,9.81
-1.19,0.39,9.82
-1.20,0.39,9.83
-1.18,0.39,9.82
-1.19,0.40,9.81
-1.21,0.39,9.81
-1.18,0.40,9.82
-1.19,0.39,9.79
-1.19,0.40,9.81
-1.19,0.40,9.81
-1.19,0.39,9.83
-1.19,0.39,9.82
-1.19,0.39,9.81
-1.19,0.40,9.82
-1.19,0.40,9.83
-1.20,0.40,9.81
-1.19,0.39,9.81
-1.20,0.39,9.81
-1.19,0.40,9.80
-1.19,0.41,9.81
-1.19,0.39,9.81
-1.18,0.40,9.82
-1.20,0.40,9.82
-1.19,0.41,9.81
-1.19,0.39,9.82
-1.20,0.38,9.81
-1.19,0.40,9.82
-1.19,0.40,9.83
-1.19,0.40,9.82
-1.20,0.40,9.82
-1.20,0.39,9.80
-1.19,0.40,9.82
-1.19,0.40,9.83
-1.19,0.40,9.81
-1.19,0.40,9.82
-1.19,0.39,9.82
-1.19,0.40,9.82
-1.19,0.39,9.80
-1.19,0.40,9.83
-1.20,0.40,9.83
-1.20,0.39,9.82
-1.19,0.40,9.83
-1.19,0.39,9.82
-1.20,0.39,9.83
-1.19,0.40,9.82
-1.19,0.40,9.83
-1.19,0.39,9.82
-1.18,0.40,9.83
-1.19,0.40,9.83
-1.20,0.39,9.81
-1.19,0.40,9.82
-1.20,0.40,9.81
-1.18,0.41,9.81
-1.19,0.39,9.82
-1.19,0.39,9.82
-1.19,0.40,9.82
-1.19,0.40,9.82
-1.19,0.40,9.82
-1.19,0.39,9.82
-1.19,0.40,9.77
-1.19,0.40,9.84
-1.19,0.39,9.83
-1.19,0.39,9.81
-1.20,0.39,9.82
-1.19,0.39,9.81
-1.19,0.40,9.82
-1.19,0.39,9.83
-1.19,0.40,9.83
-1.19,0.40,9.82
-1.19,0.39,9.82
-1.19,0.40,9.83
-1.19,0.40,9.84
-1.19,0.41,9.82
-1.19,0.39,9.82
-1.19,0.39,9.83
-1.19,0.40,9.82
-1.19,0.39,9.84
-1.19,0.39,9.81
-1.21,0.40,9.82
-1.18,0.39,9.82
-1.19,0.40,9.82
-1.19,0.38,9.81
-1.19,0.40,9.80
-1.19,0.39,9.83
-1.19,0.39,9.82
-1.19,0.41,9.81
-1.19,0.40,9.81
-1.17,0.39,9.82
-1.19,0.40,9.82
-1.19,0.39,9.83
-1.19,0.41,9.82
-1.18,0.39,9.81
-1.19,0.39,9.80
-1.19,0.41,9.83
-1.20,0.40,9.83
-1.19,0.41,9.81
-1.19,0.39,9.82
-1.19,0.39,9.83
-1.20,0.40,9.83
-1.20,0.39,9.81
-1.19,0.40,9.81
-1.19,0.39,9.80
-1.18,0.40,9.81
-1.20,0.41,9.83
-1.19,0.39,9.82
-1.19,0.40,9.81
-1.19,0.39,9.80
-1.20,0.40,9.82
-1.20,0.38,9.82
-1.20,0.41,9.82
-1.20,0.40,9.82
-1.19,0.39,9.82
-1.19,0.40,9.83
-1.20,0.39,9.80
-1.19,0.40,9.81
-1.18,0.39,9.81
-1.20,0.37,9.82
-1.19,0.41,9.82
-1.19,0.37,9.81
-1.18,0.40,9.82
-1.20,0.40,9.84
-1.19,0.39,9.80
-1.19,0.40,9.82
-1.19,0.39,9.82
-1.19,0.41,9.83
-1.19,0.40,9.79
-1.19,0.38,9.82
-1.19,0.40,9.82
-1.19,0.40,9.81
-1.20,0.40,9.82
-1.19,0.38,9.82
-1.19,0.40,9.81
-1.18,0.41,9.84
-1.18,0.39,9.80
-1.19,0.41,9.84
-1.19,0.38,9.82
-1.20,0.39,9.81
-1.19,0.40,9.83
-1.19,0.39,9.81
-1.18,0.41,9.83
-1.21,0.38,9.82
-1.19,0.40,9.80
-1.19,0.40,9.82
-1.19,0.40,9.82
-1.18,0.40,9.82
-1.19,0.40,9.81
-1.19,0.39,9.82
-1.20,0.41,9.84
-1.20,0.38,9.83
-1.20,0.40,9.82
-1.19,0.40,9.82
-1.19,0.38,9.82
-1.19,0.41,9.82
-1.20,0.38,9.81
-1.19,0.40,9.81
-1.19,0.40,9.85
-1.19,0.38,9.81
-1.20,0.41,9.82
-1.19,0.40,9.81
-1.19,0.41,9.83
-1.19,0.38,9.82
-1.20,0.39,9.81
-1.19,0.40,9.84
-1.20,0.40,9.81
-1.18,0.40,9.83
-1.19,0.38,9.81
-1.20,0.41,9.83
-1.20,0.38,9.82
-1.19,0.40,9.82
-1.19,0.40,9.83
-1.19,0.38,9.82
-1.20,0.41,9.83
-1.20,0.39,9.82
-1.19,0.40,9.81
-1.19,0.40,9.84
-1.19,0.38,9.83
-1.20,0.40,9.85
-1.19,0.38,9.82
-1.19,0.40,9.82
-1.19,0.40,9.83
-1.18,0.39,9.80
-1.18,0.40,9.82
-1.20,0.37,9.83
-1.20,0.39,9.83
-1.20,0.40,9.84
-1.19,0.39,9.80
-1.19,0.41,9.82
-1.19,0.39,9.81
-1.19,0.41,9.83
-1.19,0.39,9.80
-1.19,0.38,9.80
-1.20,0.40,9.84
-1.19,0.38,9.83
-1.19,0.40,9.82
-1.19,0.40,9.82
-1.19,0.39,9.83
-1.20,0.41,9.83
-1.19,0.37,9.81
-1.19,0.41,9.83
-1.19,0.39,9.82
-1.19,0.39,9.82
-1.19,0.41,9.82
-1.19,0.40,9.83
-1.20,0.41,9.81
-1.19,0.40,9.79
-1.20,0.38,9.82
-1.19,0.42,9.82
-1.20,0.39,9.81
-1.19,0.41,9.83
-1.19,0.39,9.80
-1.18,0.38,9.81
-1.20,0.41,9.84
-1.19,0.37,9.82
-1.19,0.43,9.81
-1.18,0.44,9.80
-1.18,0.41,9.81
-1.19,0.37,9.84
-1.21,0.35,9.81
-1.18,0.41,9.79
-1.17,0.46,9.81
-1.18,0.43,9.79
-1.17,0.39,9.83
-1.21,0.36,9.82
-1.15,0.42,9.80
-1.17,0.38,9.83
-1.22,0.39,9.82
-1.30,0.39,9.85
-1.29,0.41,9.79
-1.04,0.37,9.83
-1.12,0.35,9.83
-1.25,0.40,9.81
-1.33,0.40,9.79
-1.19,0.41,9.83
-1.14,0.36,9.82
-1.12,0.36,9.84
-1.20,0.40,9.82
-1.22,0.42,9.80
-1.23,0.44,9.82
-1.15,0.35,9.84
-1.16,0.39,9.81
-1.19,0.42,9.81
-1.24,0.41,9.79
-1.22,0.39,9.82
-1.14,0.39,9.83
-1.13,0.42,9.81
-1.22,0.42,9.83
-1.25,0.34,9.81
-1.23,0.38,9.84
-1.17,0.41,9.79
-1.14,0.43,9.81
-1.15,0.40,9.82
-1.17,0.38,9.80
-1.18,0.40,9.81
-1.19,0.40,9.80
-1.20,0.41,9.82
-1.24,0.38,9.83
-1.23,0.35,9.81
-1.23,0.38,9.81
-1.16,0.40,9.81
-1.11,0.46,9.80
-1.11,0.44,9.81
-1.17,0.39,9.81
-1.25,0.37,9.83
-1.27,0.36,9.83
-1.20,0.38,9.84
-1.17,0.39,9.82
-1.12,0.39,9.81
-1.08,0.48,9.80
-1.13,0.45,9.81
-1.35,0.33,9.83
-1.31,0.35,9.83
-1.16,0.38,9.83
-1.07,0.41,9.83
-1.09,0.39,9.81
-1.15,0.42,9.83
-1.30,0.39,9.82
-1.24,0.36,9.82
-1.16,0.35,9.84
-1.13,0.36,9.80
-1.12,0.52,9.79
-1.21,0.42,9.82
-1.30,0.33,9.82
-1.33,0.32,9.83
-1.25,0.37,9.84
-1.07,0.42,9.85
-0.99,0.43,9.81
-1.12,0.45,9.80
-1.30,0.40,9.83
-1.43,0.33,9.80
-1.13,0.36,9.84
-1.04,0.41,9.82
-1.09,0.45,9.81
-1.31,0.46,9.81
-1.38,0.41,9.79
-1.29,0.37,9.81
-1.21,0.31,9.83
-0.94,0.46,9.82
-1.14,0.51,9.79
-1.30,0.43,9.81
-1.43,0.32,9.81
-1.35,0.32,9.84
-1.02,0.47,9.82
-1.11,0.45,9.79
-1.26,0.40,9.82
-1.35,0.35,9.83
-1.24,0.35,9.84
-1.10,0.42,9.82
-1.12,0.40,9.80
-1.26,0.38,9.83
-1.32,0.35,9.84
-1.25,0.38,9.83
-1.08,0.43,9.83
-1.14,0.37,9.82
-1.25,0.37,9.82
-1.29,0.38,9.83
-1.23,0.41,9.80
-1.09,0.39,9.81
-1.15,0.38,9.81
-1.22,0.40,9.83
-1.27,0.40,9.81
-1.23,0.40,9.81
-1.16,0.41,9.81
-1.14,0.38,9.82
-1.20,0.40,9.83
-1.26,0.39,9.81
-1.24,0.39,9.82
-1.18,0.40,9.83
-1.14,0.40,9.81
-1.20,0.40,9.83
-1.24,0.39,9.80
-1.23,0.39,9.81
-1.17,0.41,9.82
-1.14,0.40,9.80
-1.20,0.40,9.83
-1.24,0.39,9.80
-1.23,0.39,9.81
-1.19,0.40,9.82
-1.16,0.39,9.83
-1.19,0.40,9.82
-1.21,0.38,9.83
-1.22,0.40,9.82
-1.20,0.41,9.81
-1.17,0.39,9.81
-1.17,0.38,9.83
-1.20,0.39,9.81
-1.22,0.40,9.81
-1.19,0.42,9.81
-1.19,0.39,9.83
-1.17,0.41,9.83
-1.20,0.39,9.81
-1.21,0.39,9.81
-1.19,0.39,9.82
-1.18,0.40,9.83
-1.21,0.39,9.81
-1.22,0.39,9.82
-1.20,0.41,9.83
-1.17,0.38,9.84
-1.16,0.38,9.80
-1.22,0.41,9.80
-1.21,0.41,9.81
-1.20,0.39,9.82
-1.15,0.37,9.82
-1.16,0.37,9.83
-1.25,0.40,9.81
-1.23,0.41,9.82
-1.17,0.37,9.83
-1.13,0.35,9.84
-1.15,0.40,9.83
-1.25,0.41,9.81
-1.22,0.36,9.82
-1.17,0.36,9.84
-1.14,0.38,9.79
-1.15,0.43,9.80
-1.24,0.37,9.81
-1.21,0.35,9.85
-1.20,0.38,9.84
-1.20,0.42,9.80
-1.17,0.43,9.83
-1.16,0.35,9.82
-1.16,0.38,9.82
-1.23,0.44,9.81
-1.24,0.43,9.80
-1.19,0.39,9.81
-1.18,0.34,9.85
-1.20,0.45,9.82
-1.22,0.45,9.82
-1.23,0.38,9.82
-1.24,0.36,9.82
-1.14,0.37,9.81
-1.23,0.44,9.82
-1.21,0.39,9.83
-1.17,0.35,9.81
-1.15,0.39,9.84
-1.14,0.40,9.82
-1.21,0.44,9.81
-1.22,0.35,9.81
-1.15,0.36,9.83
-1.13,0.44,9.82
-1.23,0.45,9.81
-1.18,0.36,9.84
-1.19,0.37,9.84
-1.10,0.40,9.80
-1.16,0.44,9.83
-1.30,0.43,9.80
-1.19,0.38,9.82
-1.09,0.38,9.82
-1.06,0.40,9.81
-1.17,0.41,9.83
-1.24,0.40,9.82
-1.28,0.39,9.84
-1.16,0.38,9.82
-1.09,0.41,9.81
-1.19,0.36,9.84
-1.24,0.39,9.82
-1.24,0.44,9.83
-1.14,0.37,9.81
-1.20,0.41,9.83
-1.22,0.39,9.83
-1.24,0.39,9.80
-1.17,0.41,9.81
-1.13,0.39,9.81
-1.23,0.39,9.84
-1.24,0.40,9.82
-1.26,0.40,9.80
-1.16,0.39,9.81
-1.06,0.39,9.81
-1.18,0.39,9.81
-1.30,0.38,9.82
-1.20,0.42,9.82
-1.05,0.41,9.83
-1.10,0.37,9.80
-1.38,0.43,9.80
-1.35,0.40,9.81
-1.08,0.38,9.82
-1.03,0.40,9.82
-1.15,0.40,9.82
-1.32,0.42,9.82
-1.27,0.38,9.82
-1.12,0.36,9.81
-1.15,0.41,9.81
-1.21,0.42,9.81
-1.27,0.39,9.85
-1.14,0.40,9.77
-1.20,0.41,9.82
-1.16,0.40,9.85
-1.22,0.39,9.81
-1.27,0.40,9.80
-1.18,0.41,9.81
-1.14,0.39,9.80
-1.17,0.37,9.85
-1.20,0.39,9.80
-1.22,0.45,9.82
-1.22,0.42,9.82
-1.13,0.37,9.79
-1.23,0.41,9.84
-1.22,0.41,9.81
-1.18,0.41,9.83
-1.18,0.40,9.83
-1.18,0.39,9.82
-1.21,0.40,9.78
-1.26,0.41,9.81
-1.12,0.38,9.80
-1.24,0.41,9.82
-1.20,0.39,9.81
-1.23,0.40,9.83
-1.23,0.39,9.82
-1.12,0.37,9.83
-1.20,0.41,9.82
-1.23,0.39,9.79
-1.20,0.38,9.82
-1.19,0.41,9.81
-1.24,0.42,9.84
-1.17,0.38,9.83
-1.15,0.40,9.83
-1.32,0.39,9.79
-1.27,0.39,9.82
-1.14,0.38,9.83
-1.13,0.44,9.82
-1.21,0.41,9.83
-1.22,0.37,9.83
-1.25,0.37,9.83
-1.17,0.38,9.83
-1.19,0.42,9.81
-1.19,0.37,9.80
-1.26,0.38,9.82
-1.19,0.42,9.84
-1.15,0.39,9.81
-1.14,0.40,9.81
-1.24,0.37,9.81
-1.15,0.35,9.82
-1.24,0.41,9.82
-1.22,0.41,9.82
-1.24,0.43,9.83
-1.25,0.34,9.83
-1.24,0.34,9.82
-1.24,0.44,9.83
-1.03,0.42,9.80
-1.19,0.41,9.85
-1.27,0.37,9.79
-1.37,0.40,9.83
-1.22,0.40,9.83
-1.00,0.38,9.80
-1.15,0.44,9.82
-1.27,0.35,9.82
-1.40,0.41,9.82
-1.18,0.39,9.80
-0.97,0.39,9.85
-1.03,0.43,9.81
-1.14,0.35,9.83
-1.37,0.37,9.81
-1.28,0.41,9.80
-1.05,0.37,9.83
-1.01,0.43,9.80
-1.28,0.44,9.81
-1.25,0.37,9.83
-1.23,0.43,9.84
-1.04,0.39,9.81
-1.03,0.41,9.82
-1.35,0.36,9.81
-1.23,0.35,9.80
-1.18,0.43,9.83
-1.18,0.43,9.81
-1.09,0.40,9.81
-1.28,0.35,9.81
-1.25,0.36,9.84
-1.16,0.41,9.82
-1.15,0.43,9.80
-1.15,0.41,9.81
-1.12,0.36,9.84
-1.32,0.41,9.81
-1.18,0.41,9.82
-1.19,0.40,9.81
-1.18,0.39,9.84
-1.09,0.39,9.84
-1.25,0.40,9.81
-1.19,0.38,9.81
-1.08,0.39,9.83
-1.17,0.38,9.85
-1.21,0.39,9.80
-1.25,0.44,9.81
-1.22,0.41,9.82
-1.11,0.40,9.77
-1.21,0.40,9.84
-1.25,0.37,9.82
-1.26,0.40,9.80
-1.25,0.40,9.81
-1.10,0.40,9.82
-1.18,0.42,9.81
-1.20,0.38,9.80
-1.22,0.39,9.81
-1.19,0.40,9.81
-1.14,0.42,9.83
-1.13,0.40,9.81
-1.16,0.37,9.82
-1.19,0.39,9.83
-1.29,0.41,9.80
-1.22,0.41,9.83
-1.14,0.39,9.83
-1.03,0.36,9.82
-1.13,0.41,9.84
-1.23,0.40,9.81
-1.29,0.41,9.82
-1.17,0.39,9.82
-1.12,0.39,9.81
-1.14,0.40,9.83
-1.19,0.38,9.82
-1.28,0.40,9.84
-1.16,0.39,9.83
-1.12,0.41,9.81
-1.17,0.40,9.82
-1.25,0.39,9.83
-1.24,0.38,9.82
-1.18,0.39,9.82
-1.17,0.40,9.82
-1.18,0.40,9.83
-1.19,0.39,9.83
-1.20,0.40,9.77
-1.23,0.41,9.84
-1.15,0.40,9.81
-1.17,0.39,9.81
-1.20,0.37,9.82
-1.21,0.41,9.83
-1.17,0.39,9.82
-1.17,0.39,9.81
-1.20,0.40,9.81
-1.20,0.41,9.82
-1.20,0.41,9.81
-1.19,0.38,9.82
-1.20,0.42,9.82
-1.21,0.41,9.82
-1.22,0.37,9.83
-1.18,0.40,9.81
-1.17,0.39,9.81
-1.18,0.39,9.83
-1.22,0.39,9.82
-1.22,0.39,9.81
-1.23,0.42,9.82
-1.15,0.40,9.82
-1.19,0.39,9.81
-1.25,0.41,9.83
-1.23,0.40,9.81
-1.17,0.40,9.82
-1.16,0.40,9.83
-1.20,0.41,9.83
-1.23,0.39,9.82
-1.19,0.40,9.82
-1.20,0.39,9.82
-1.18,0.39,9.82
-1.20,0.39,9.82
-1.19,0.36,9.83
-1.19,0.41,9.84
-1.20,0.40,9.82
-1.21,0.39,9.81
-1.18,0.40,9.82
-1.18,0.39,9.83
-1.21,0.41,9.82
-1.23,0.40,9.81
-1.20,0.39,9.82
-1.16,0.40,9.83
-1.18,0.39,9.82
-1.20,0.37,9.82
-1.20,0.40,9.82
-1.18,0.39,9.81
-1.19,0.40,9.83
-1.20,0.39,9.80
-1.21,0.39,9.80
-1.20,0.39,9.83
-1.17,0.39,9.82
-1.18,0.41,9.83
-1.17,0.39,9.83
-1.21,0.39,9.81
-1.20,0.41,9.83
-1.19,0.39,9.82
-1.18,0.40,9.82
-1.19,0.38,9.80
-1.18,0.39,9.81
-1.19,0.41,9.78
-1.18,0.39,9.82
-1.18,0.40,9.83
-1.18,0.40,9.82
-1.18,0.40,9.81
-1.22,0.38,9.82
-1.20,0.39,9.81
-1.18,0.41,9.81
-1.19,0.40,9.81
-1.20,0.40,9.81
-1.19,0.38,9.80
-1.19,0.40,9.84
-1.19,0.42,9.82
-1.21,0.41,9.81
-1.20,0.39,9.81
-1.19,0.39,9.84
-1.18,0.41,9.83
-1.20,0.41,9.81
-1.20,0.38,9.81
-1.20,0.39,9.81
-1.19,0.39,9.82
-1.17,0.42,9.80
-1.21,0.41,9.82
-1.21,0.38,9.83
-1.19,0.40,9.82
-1.19,0.40,9.79
-1.18,0.41,9.83
-1.21,0.38,9.81
-1.20,0.39,9.81
-1.21,0.41,9.81
-1.19,0.40,9.80
-1.18,0.39,9.82
-1.19,0.39,9.82
-1.20,0.41,9.81
-1.20,0.40,9.82
-1.19,0.38,9.84
-1.19,0.39,9.81
-1.19,0.41,9.80
-1.19,0.41,9.83
-1.19,0.40,9.83
-1.20,0.38,9.80
-1.18,0.41,9.82
-1.20,0.39,9.81
-1.21,0.39,9.82
-1.21,0.39,9.80
-1.19,0.39,9.84
-1.19,0.41,9.82
-1.19,0.39,9.81
-1.21,0.40,9.82
-1.21,0.40,9.81
-1.19,0.41,9.81
-1.18,0.41,9.82
-1.19,0.40,9.80
-1.21,0.39,9.82
-1.21,0.40,9.84
-1.16,0.40,9.81
-1.17,0.43,9.83
-1.20,0.39,9.81
-1.21,0.37,9.81
-1.20,0.40,9.82
-1.16,0.41,9.82
-1.17,0.39,9.83
-1.20,0.38,9.81
-1.22,0.41,9.83
-1.19,0.39,9.83
-1.16,0.39,9.83
-1.17,0.40,9.83
-1.19,0.40,9.80
-1.23,0.41,9.84
-1.20,0.39,9.82
-1.17,0.40,9.82
-1.17,0.41,9.83
-1.19,0.39,9.82
-1.21,0.40,9.81
-1.21,0.37,9.82
-1.17,0.40,9.84
-1.16,0.41,9.83
-1.19,0.40,9.81
-1.21,0.39,9.81
-1.19,0.37,9.82
-1.16,0.40,9.83
-1.17,0.41,9.83
-1.22,0.39,9.83
-1.21,0.39,9.83
-1.18,0.39,9.80
-1.19,0.41,9.82
-1.20,0.39,9.80
-1.20,0.39,9.84
-1.20,0.40,9.80
-1.19,0.41,9.83
-1.19,0.41,9.84
-1.20,0.37,9.81
-1.19,0.38,9.83
-1.18,0.42,9.80
-1.19,0.40,9.81
-1.20,0.40,9.82
-1.21,0.36,9.82
-1.18,0.41,9.83
-1.18,0.42,9.81
-1.20,0.39,9.83
-1.20,0.40,9.84
-1.20,0.39,9.81
-1.19,0.41,9.81
-1.19,0.40,9.81
-1.20,0.39,9.83
-1.20,0.40,9.83
-1.19,0.40,9.83
-1.19,0.40,9.84
-1.19,0.39,9.83
-1.19,0.37,9.84
-1.20,0.42,9.81
-1.20,0.40,9.82
-1.19,0.40,9.81
-1.18,0.38,9.80
-1.19,0.39,9.82
-1.21,0.41,9.81
-1.19,0.39,9.80
-1.18,0.39,9.83
-1.19,0.40,9.81
-1.18,0.40,9.82
-1.19,0.42,9.83
-1.19,0.37,9.81
-1.20,0.40,9.82
-1.19,0.42,9.81
-1.18,0.39,9.82
-1.19,0.40,9.82
-1.20,0.38,9.82
-1.20,0.40,9.84
-1.20,0.39,9.81
-1.19,0.39,9.81
-1.19,0.39,9.83
-1.19,0.39,9.82
-1.19,0.41,9.84
-1.20,0.39,9.81
-1.19,0.39,9.84
-1.21,0.38,9.81
-1.19,0.40,9.82
-1.18,0.42,9.83
-1.19,0.39,9.82
-1.19,0.40,9.82
-1.20,0.40,9.81
-1.20,0.39,9.81
-1.18,0.40,9.82
-1.19,0.38,9.81
-1.17,0.40,9.82
-1.19,0.40,9.82
-1.20,0.40,9.83
-1.19,0.38,9.82
-1.19,0.40,9.84
-1.20,0.40,9.85
-1.20,0.40,9.81
-1.19,0.40,9.83
-1.20,0.41,9.83
-1.19,0.40,9.81
-1.20,0.41,9.82
-1.19,0.38,9.81
-1.19,0.40,9.83
-1.18,0.38,9.83
-1.20,0.40,9.82
-1.19,0.40,9.82
-1.20,0.39,9.80
-1.19,0.40,9.83
-1.18,0.38,9.81
-1.19,0.40,9.84
-1.19,0.40,9.83
-1.21,0.39,9.78
-1.20,0.40,9.81
-1.20,0.40,9.84
-1.19,0.41,9.83
-1.19,0.41,9.82
-1.19,0.39,9.80
-1.17,0.39,9.84
-1.20,0.38,9.80
-1.19,0.41,9.80
-1.20,0.40,9.82
-1.18,0.38,9.82
-1.17,0.39,9.82
-1.19,0.42,9.82
-1.20,0.40,9.81
-1.20,0.39,9.84
-1.17,0.37,9.83
-1.18,0.40,9.81
-1.20,0.40,9.84
-1.20,0.41,9.82
-1.19,0.39,9.81
-1.19,0.39,9.81
-1.19,0.40,9.83
-1.20,0.41,9.80
-1.20,0.40,9.82
-1.19,0.38,9.83
-1.20,0.40,9.82
-1.19,0.40,9.80
-1.19,0.40,9.81
-1.20,0.39,9.82
-1.19,0.40,9.81
-1.19,0.39,9.81
-1.19,0.41,9.82
-1.20,0.39,9.80
-1.20,0.40,9.83
-1.19,0.39,9.82
-1.19,0.39,9.82
-1.18,0.41,9.85
-1.19,0.40,9.81
-1.19,0.40,9.81
-1.20,0.37,9.81
-1.19,0.40,9.82
-1.18,0.41,9.83
-1.19,0.39,9.82
-1.21,0.39,9.80
-1.19,0.41,9.84
-1.19,0.41,9.82
-1.19,0.38,9.81
-1.20,0.40,9.83
-1.19,0.40,9.80
-1.19,0.40,9.83
-1.21,0.38,9.83
-1.20,0.37,9.81
-1.19,0.41,9.82
-1.20,0.38,9.81
-1.19,0.40,9.82
-1.20,0.41,9.82
-1.19,0.38,9.82
-1.17,0.40,9.83
-1.20,0.40,9.82
-1.19,0.40,9.81
-1.19,0.41,9.82
-1.19,0.39,9.80
-1.20,0.40,9.82
-1.18,0.40,9.81
-1.19,0.38,9.83
-1.23,0.40,9.83
-1.26,0.37,9.83
-1.13,0.39,9.81
-1.18,0.45,9.83
-1.15,0.40,9.81
-1.28,0.39,9.84
-1.23,0.36,9.81
-1.19,0.43,9.83
-1.19,0.43,9.81
-1.13,0.39,9.82
-1.19,0.39,9.84
-1.20,0.38,9.80
-1.23,0.42,9.82
-1.18,0.41,9.80
-1.18,0.39,9.82
-1.18,0.39,9.83
-1.23,0.38,9.82
-1.21,0.42,9.82
-1.18,0.40,9.81
-1.17,0.39,9.81
-1.19,0.40,9.83
-1.21,0.40,9.82
-1.20,0.40,9.83
-1.20,0.39,9.83
-1.17,0.38,9.80
-1.19,0.41,9.81
-1.20,0.40,9.81
-1.21,0.40,9.81
-1.20,0.39,9.82
-1.19,0.38,9.82
-1.19,0.42,9.83
-1.20,0.39,9.81
-1.20,0.41,9.83
-1.20,0.39,9.82
-1.19,0.40,9.82
-1.19,0.40,9.82
-1.19,0.40,9.81
-1.21,0.40,9.84
-1.19,0.39,9.81
-1.19,0.40,9.81
-1.20,0.38,9.82
-1.19,0.38,9.82
-1.20,0.39,9.81
-1.19,0.40,9.81
-1.19,0.41,9.82
-1.19,0.39,9.80
-1.20,0.41,9.81
-1.20,0.39,9.81
-1.18,0.40,9.81
-1.19,0.41,9.82
-1.19,0.38,9.83
-1.19,0.39,9.83
-1.20,0.38,9.79
-1.19,0.39,9.81
-1.19,0.41,9.84
-1.19,0.38,9.81
-1.19,0.40,9.82
-1.19,0.40,9.81
-1.19,0.40,9.83
-1.20,0.40,9.82
-1.19,0.39,9.81
-1.19,0.40,9.81
-1.19,0.41,9.83
-1.18,0.39,9.82
-1.19,0.40,9.82
-1.19,0.38,9.82
-1.19,0.40,9.81
-1.20,0.40,9.83
-1.21,0.38,9.80
-1.19,0.41,9.84
-1.18,0.39,9.81
-1.19,0.40,9.83
-1.19,0.40,9.81
-1.20,0.38,9.80
-1.19,0.40,9.83
-1.19,0.39,9.81
-1.19,0.40,9.80
-1.20,0.40,9.82
-1.18,0.39,9.82
-1.19,0.40,9.80
-1.19,0.39,9.81
-1.19,0.41,9.82
-1.20,0.40,9.84
-1.20,0.39,9.82
-1.19,0.41,9.83
-1.19,0.39,9.82
-1.19,0.40,9.81
-1.19,0.41,9.83
-1.19,0.38,9.81
-1.19,0.39,9.83
-1.20,0.38,9.81
-1.19,0.40,9.82
-1.19,0.40,9.82
-1.19,0.38,9.81
-1.20,0.39,9.82
-1.18,0.38,9.82
-1.20,0.41,9.84
-1.19,0.40,9.81
-1.19,0.39,9.82
-1.19,0.41,9.82
-1.19,0.40,9.82
-1.19,0.39,9.81
-1.19,0.39,9.81
-1.19,0.41,9.84
-1.19,0.38,9.81
-1.19,0.40,9.82
-1.19,0.39,9.81
-1.20,0.39,9.81
-1.19,0.40,9.81
-1.19,0.40,9.82
-1.20,0.40,9.82
-1.19,0.39,9.81
-1.19,0.39,9.81
-1.20,0.40,9.81
-1.20,0.41,9.82
-1.19,0.41,9.82
-1.19,0.39,9.81
-1.19,0.40,9.82
-1.19,0.40,9.84
-1.19,0.40,9.80
-1.20,0.40,9.84
-1.19,0.38,9.81
-1.19,0.40,9.82
-1.19,0.39,9.82
-1.20,0.39,9.81
-1.19,0.40,9.83
-1.19,0.38,9.81
-1.20,0.40,9.82
-1.20,0.42,9.83
-1.20,0.39,9.81
-1.19,0.40,9.82
-1.19,0.38,9.81
-1.19,0.40,9.83
-1.20,0.41,9.84
-1.19,0.40,9.83
-1.19,0.40,9.84
-1.19,0.38,9.81
-1.19,0.39,9.84
-1.20,0.38,9.81
-1.20,0.40,9.82
-1.19,0.41,9.81
-1.19,0.40,9.80
-1.19,0.40,9.84
-1.20,0.38,9.80
-1.19,0.40,9.84
-1.20,0.39,9.82
-1.19,0.40,9.82
-1.19,0.41,9.84
-1.20,0.39,9.82
-1.19,0.40,9.83
-1.20,0.38,9.82
-1.19,0.40,9.82
-1.19,0.39,9.81
-1.20,0.40,9.82
-1.19,0.40,9.82
-1.19,0.40,9.82
-1.19,0.39,9.81
-1.19,0.38,9.82
-1.19,0.40,9.83
-1.20,0.39,9.81
-1.19,0.40,9.83
-1.19,0.39,9.82
-1.19,0.41,9.83
-1.20,0.39,9.82
-1.19,0.41,9.84
-1.19,0.39,9.81
-1.19,0.38,9.81
-1.19,0.38,9.81
-1.20,0.39,9.80
-1.18,0.41,9.82
-1.20,0.39,9.82
-1.20,0.40,9.84
-1.19,0.40,9.83
-1.19,0.38,9.81
-1.19,0.40,9.82
-1.19,0.38,9.82
-1.19,0.39,9.82
-1.19,0.39,9.79
-1.20,0.40,9.82
-1.20,0.40,9.80
-1.19,0.39,9.80
-1.19,0.40,9.81
-1.19,0.40,9.81
-1.20,0.41,9.84
-1.20,0.38,9.80
-1.20,0.40,9.84
-1.19,0.40,9.81
-1.19,0.38,9.80
-1.19,0.40,9.82
-1.19,0.39,9.81
-1.20,0.40,9.82
-1.18,0.38,9.82
-1.19,0.40,9.81
-1.19,0.40,9.83
-1.19,0.39,9.81
-1.19,0.40,9.83
-1.20,0.39,9.82
-1.19,0.39,9.81
-1.19,0.41,9.82
-1.19,0.38,9.82
-1.19,0.40,9.81
-1.18,0.39,9.81
-1.19,0.40,9.83
-1.19,0.38,9.83
-1.20,0.40,9.81
-1.19,0.40,9.81
-1.20,0.39,9.82
-1.20,0.41,9.83
-1.19,0.39,9.81
-1.19,0.41,9.83
-1.19,0.38,9.80
-1.19,0.39,9.81
-1.19,0.40,9.84
-1.19,0.38,9.81
-1.19,0.41,9.83
-1.20,0.40,9.82
-1.19,0.41,9.82
-1.18,0.38,9.83
-1.19,0.37,9.82
-1.19,0.41,9.84
-1.19,0.39,9.80
-1.20,0.40,9.82
-1.20,0.41,9.83
-1.19,0.38,9.81
-1.19,0.41,9.83
-1.19,0.39,9.81
-1.20,0.38,9.81
-1.19,0.41,9.81
-1.19,0.38,9.81
-1.20,0.40,9.84
-1.20,0.41,9.81
-1.19,0.40,9.82
-1.20,0.40,9.81
-1.19,0.38,9.82
-1.19,0.40,9.83
-1.18,0.39,9.81
-1.20,0.40,9.83
-1.19,0.38,9.82
-1.19,0.40,9.83
-1.19,0.41,9.82
-1.20,0.39,9.81
-1.19,0.40,9.82
-1.19,0.39,9.82
-1.19,0.40,9.83
-1.19,0.38,9.83
-1.20,0.40,9.82
-1.19,0.40,9.82
-1.20,0.39,9.80
-1.19,0.41,9.83
-1.19,0.38,9.82
-1.20,0.39,9.82
-1.20,0.39,9.81
-1.19,0.39,9.81
-1.19,0.40,9.83
-1.19,0.41,9.83
-1.19,0.41,9.82
-1.19,0.39,9.82
-1.19,0.40,9.81
-1.19,0.40,9.82
-1.19,0.39,9.83
-1.19,0.39,9.82
-1.20,0.40,9.84
-1.19,0.41,9.84
-1.18,0.40,9.82
-1.19,0.41,9.82
-1.18,0.39,9.82
-1.19,0.39,9.81
-1.19,0.40,9.82
-1.20,0.38,9.81
-1.20,0.40,9.83
-1.20,0.39,9.81
-1.19,0.40,9.83
-1.19,0.40,9.82
-1.19,0.38,9.81
-1.19,0.41,9.84
-1.20,0.39,9.81
-1.19,0.40,9.83
-1.19,0.40,9.83
-1.20,0.40,9.81
-1.18,0.41,9.82
-1.19,0.39,9.81
-1.20,0.40,9.82
-1.19,0.40,9.83
-1.20,0.39,9.81
-1.20,0.41,9.82
-1.19,0.38,9.83
-1.20,0.40,9.83
-1.19,0.40,9.83
-1.18,0.38,9.80
-1.20,0.40,9.83
-1.19,0.38,9.80
-1.20,0.39,9.80
-1.19,0.39,9.81
-1.19,0.39,9.81
-1.19,0.41,9.82
-1.19,0.40,9.83
-1.19,0.40,9.83
-1.20,0.39,9.82
-1.19,0.40,9.83
-1.19,0.39,9.82
-1.20,0.39,9.82
-1.20,0.41,9.83
-1.19,0.40,9.82
-1.19,0.41,9.82
-1.19,0.39,9.81
-1.19,0.40,9.83
-1.20,0.39,9.82
-1.20,0.40,9.83
-1.20,0.40,9.82
-1.20,0.39,9.78
-1.20,0.40,9.83
-1.19,0.38,9.82
-1.19,0.41,9.81
-1.20,0.38,9.81
-1.20,0.39,9.81
-1.19,0.40,9.84
-1.19,0.38,9.81
-1.18,0.41,9.83
-1.19,0.39,9.82
-1.20,0.37,9.82
-1.19,0.40,9.83
-1.20,0.39,9.81
-1.20,0.40,9.82
-1.19,0.40,9.82
-1.20,0.40,9.82
-1.19,0.40,9.82
-1.19,0.39,9.81
-1.19,0.40,9.80
-1.20,0.38,9.80
-1.19,0.40,9.82
-1.18,0.38,9.82
-1.19,0.39,9.83
-1.19,0.40,9.82
-1.19,0.38,9.82
-1.19,0.39,9.83
-1.20,0.39,9.81
-1.19,0.40,9.82
-1.20,0.38,9.81
-1.20,0.40,9.82
-1.19,0.41,9.81
-1.17,0.38,9.83
-1.19,0.40,9.84
-1.21,0.38,9.81
-1.19,0.39,9.82
-1.19,0.40,9.83
-1.19,0.40,9.84
-1.19,0.39,9.80
-1.21,0.40,9.81
-1.17,0.42,9.82
-2.48,-1.33,9.04
-1.28,1.07,9.85
-1.38,0.05,9.88
-1.19,0.31,10.05
-1.34,0.39,9.80
-1.25,0.30,9.87
-1.36,0.22,9.81
-1.34,0.33,9.82
-1.35,0.39,9.79
-1.25,0.30,9.81
-1.31,0.26,9.80
-1.24,0.38,9.77
-1.28,0.26,9.81
-1.35,0.27,9.83
-1.36,0.34,9.89
-1.27,0.33,9.82
-1.30,0.24,9.81
-1.31,0.33,9.79
-1.30,0.41,9.79
-1.21,0.40,9.79
-1.30,0.30,9.84
-1.32,0.37,9.81
-1.39,0.26,9.83
-1.20,0.34,9.82
-1.24,0.35,9.79
-1.35,0.32,9.83
-1.30,0.32,9.80
-1.32,0.39,9.80
-1.37,0.27,9.80
-1.28,0.32,9.80
-1.30,0.40,9.81
-1.38,0.33,9.82
-1.21,0.37,9.80
-1.26,0.38,9.81
-1.25,0.34,9.81
-1.34,0.31,9.80
-1.24,0.35,9.79
-1.22,0.41,9.80
-1.29,0.37,9.81
-1.25,0.31,9.82
-1.33,0.46,9.75
-1.32,0.43,9.79
-1.45,0.24,9.75
-1.26,0.40,9.80
-1.16,0.37,9.90
-1.28,0.28,9.87
-1.23,0.40,9.83
-1.24,0.33,9.80
-1.27,0.33,9.82
-1.33,0.34,9.82
-1.21,0.35,9.79
-1.26,0.27,9.83
-1.31,0.36,9.78
-1.33,0.35,9.81
-1.36,0.27,9.82
-1.23,0.37,9.79
